#       ptHiggs        central        num_err    min (scale)        num_err    max (scale)        num_err
              0     0.38034893   0.0013647574     0.33993474   0.0012220687     0.41658966   0.0015116028
             10      1.1131722   0.0023167085     0.99444805    0.002073549      1.2199249   0.0025689379
             20      1.7667552   0.0028980328      1.5787329   0.0025937314      1.9353232   0.0032059417
             30       2.299181   0.0032873949      2.0551512   0.0029461661      2.5169778   0.0036571201
             40      2.6883151   0.0035389059      2.4030837   0.0031711761      2.9426515   0.0039245802
             50      2.9327313   0.0036868855      2.6216199   0.0033014827       3.209633   0.0040807822
             60      3.0334786   0.0037462155       2.712244   0.0033555532      3.3184966   0.0041462432
             70      3.0353786   0.0037483842       2.714302   0.0033589015      3.3191622   0.0041567968
             80      2.9523923   0.0037009997      2.6407511   0.0033187927      3.2267562   0.0041078753
             90      2.7896106   0.0036053541      2.4958716   0.0032322276      3.0463298   0.0039984458
            100      2.5943762    0.003485743      2.3214366   0.0031455983      2.8320706   0.0039665673
            110      2.3799848   0.0033468051      2.1297275   0.0029998689      2.5975079   0.0037085779
            120        2.15927   0.0031958452      1.9322859   0.0028662557      2.3558621   0.0035453783
            130      1.9345975   0.0030335367      1.7319855   0.0027210323      2.1087019   0.0033661749
            140      1.7355049   0.0028806376      1.5531637   0.0025814025      1.8923552   0.0031911842
            150      1.5396657    0.002719728      1.3785648   0.0024385049      1.6770439   0.0030156413
            160      1.3588514   0.0025602408      1.2163869   0.0022953458      1.4802191   0.0028401239
            170      1.2024128   0.0024125595      1.0756398   0.0021618499       1.310674   0.0026779486
            180      1.0559182   0.0022654703      0.9455522   0.0020318294      1.1487218   0.0025173862
            190     0.92997817    0.002129527     0.83267879   0.0019110672      1.0116133   0.0023701156
            200     0.82037739   0.0020022053     0.73440116    0.001795694      0.8923454   0.0022309926
            210      0.7218905   0.0018812687     0.64651094   0.0016883842     0.78445855   0.0020973054
            220     0.63699142   0.0017683981     0.57026252   0.0015860011     0.69220993   0.0019749948
            230     0.55939944   0.0016591361     0.50063873    0.001485562     0.60811802   0.0018459765
            240     0.49113453   0.0015558141     0.43944565   0.0013937598     0.53387644   0.0017393068
            250     0.43581641   0.0014671493     0.39012355   0.0013146268     0.47317302   0.0016384417
            260       0.383919   0.0013777687     0.34344517   0.0012331484     0.41712719   0.0015395627
            270     0.33983708    0.001296777     0.30377248   0.0011593062      0.3696057   0.0014457443
            280     0.29900233   0.0012176675     0.26751211   0.0010915206     0.32464781   0.0013681845
            290     0.26713512   0.0011504524     0.23900291   0.0010310584     0.28984797   0.0012897961
            300     0.23660803   0.0010836207     0.21154909  0.00097482068     0.25686712   0.0012363097
            310     0.20939157   0.0010199005     0.18731766  0.00091300507     0.22704479   0.0011388679
            320     0.18650254   0.0009627874     0.16659556  0.00085982141       0.202643   0.0010733999
            330      0.1649176  0.00090653209     0.14752613  0.00081191403     0.17871324   0.0010201409
            340     0.14801435  0.00085917512     0.13238844  0.00076792754     0.16038568  0.00096256404
            350     0.13278488   0.0008139312     0.11877552  0.00072949624     0.14386819   0.0009189753
            360     0.11630976  0.00076227161     0.10392469  0.00068064477     0.12606853  0.00086241633
            370     0.10528785  0.00072608519    0.094208956  0.00065141186     0.11392509  0.00082167394
            380    0.094116287   0.0006869123    0.084288918  0.00061436989     0.10162929  0.00077533572
            390    0.084578104  0.00065063184    0.075612628  0.00058068127    0.091523119  0.00073158674
            400    0.076563175  0.00061860536    0.068376789  0.00055173862    0.082981785   0.0006921177
            410    0.068378107  0.00058552252    0.061072428  0.00052228826    0.074065208  0.00066213855
            420    0.061783226  0.00055689171    0.055354865  0.00049775501    0.066592612  0.00062553056
            430    0.055577403  0.00052802617    0.049760798   0.0004718679    0.059971643  0.00059851673
            440    0.049826743  0.00050129558    0.044699265  0.00044803662     0.05357649  0.00056597725
            450    0.044318936  0.00047246577    0.039681741  0.00042071792     0.04775869  0.00053345511
            460    0.041034297  0.00045536734    0.036841188  0.00041145094    0.044014776   0.0005286165
            470    0.036626695  0.00042916086    0.032841388  0.00038746602    0.039351249  0.00049608624
            480    0.033007109  0.00040818743    0.029565457   0.0003638726    0.035506696  0.00045774916
            490    0.029633155  0.00038825133    0.026587597  0.00034495877    0.031793595  0.00044007903
            500    0.027046388  0.00036927494    0.024215553  0.00032942026    0.029114178  0.00041457767
            510    0.024481211  0.00035170448    0.021999389  0.00031392413    0.026196804  0.00039373914
            520    0.022661165  0.00033874205    0.020244857  0.00030090534    0.024454384  0.00038205685
            530    0.020094046  0.00031928779    0.018049541  0.00028532239    0.021500903  0.00035968235
            540    0.018562306  0.00030733717    0.016642263  0.00027335893    0.019918701  0.00034590715
            550    0.016920622  0.00029464332    0.015207042  0.00026220945    0.018074291  0.00033704434
            560    0.015033148  0.00027796783    0.013538369  0.00024729895    0.015997562  0.00031796123
            570    0.014121155  0.00026841441    0.012635279  0.00023795509    0.015164117  0.00030462771
            580    0.012567459  0.00025330542    0.011218045  0.00022397871    0.013547089  0.00028678469
            590    0.011269847  0.00023944312    0.010146021  0.00021476349    0.012010751  0.00027127792
            600    0.010508309  0.00023306742   0.0094552354  0.00020674197    0.011190345  0.00026838898
            610   0.0094412871  0.00021945422   0.0085114181  0.00019597265    0.010017076  0.00024833275
            620    0.008793817  0.00021328346   0.0079554428  0.00019160585   0.0092781253  0.00025163379
            630   0.0082356468  0.00020586133   0.0074158324   0.0001834151   0.0087570576  0.00023070663
            640   0.0072395828  0.00019342328   0.0065272903  0.00017424299   0.0076750332  0.00022432608
            650   0.0066678568  0.00018651897   0.0060247491  0.00016533069   0.0070344363  0.00021260315
            660   0.0063136971  0.00018032094    0.005682664  0.00016065231    0.006712421  0.00020330385
            670   0.0059692033  0.00017542016   0.0053889658  0.00015697256   0.0063150881  0.00020280242
            680   0.0048281914  0.00015755576   0.0043426341  0.00014039094   0.0051433014  0.00017742527
            690   0.0046945675  0.00015699243   0.0042388178  0.00013932192   0.0049541529  0.00017804519
            700   0.0043649876  0.00014933022   0.0039552827  0.00013629672   0.0045813557  0.00017224001
            710   0.0039023103  0.00014218466   0.0035060479  0.00012573022   0.0041536346  0.00016158219
            720   0.0036122255  0.00013672473   0.0032419198  0.00012121581   0.0038611255  0.00015315045
            730   0.0033658584  0.00013166155   0.0030072025  0.00011628342   0.0036149685  0.00014936015
            740   0.0029968395  0.00012496597   0.0027140312  0.00011232501   0.0031500844   0.0001410539
            750   0.0028393262  0.00012244838   0.0025320963  0.00010705972   0.0030616713  0.00013976689
            760    0.002381802  0.00011263997   0.0021598864  9.9294649e-05   0.0024890361  0.00012939884
            770   0.0022833324  0.00011002803   0.0021509396  0.00013042168   0.0023371371  0.00012032758
            780   0.0021357285  0.00010484611   0.0019320733  9.4127422e-05   0.0022482461  0.00011970255
            790   0.0019907597  0.00010161925   0.0017786218  9.0162018e-05   0.0021361481  0.00011722336
            800   0.0019907597  0.00010161925   0.0017786218  9.0162018e-05   0.0021361481  0.00011722336
