# ptHiggs+top+t        central        num_err    min (scale)        num_err    max (scale)        num_err
# bar
              0      5.0328218   0.0096311258      4.8859641   0.0094801251      5.7232102    0.013916361
             10      6.0849858    0.010815797      5.8405944    0.010109904      6.4622827    0.014701162
             20      5.3190972   0.0075827671      5.0661411   0.0074435374      5.5737868   0.0094783231
             30      4.4921242    0.006160963      4.2489178   0.0058360799      4.7000922   0.0079095391
             40      3.7545757   0.0065647083      3.5334489   0.0060029388      3.9248326    0.008244082
             50      3.1631894   0.0057814003      2.9601022    0.005060729      3.3195767   0.0073992578
             60      2.6734354   0.0045772861      2.4960259   0.0046614142      2.8073736   0.0055698019
             70      2.2860927   0.0051433729      2.1252788   0.0047077681      2.4080039   0.0065934094
             80      1.9514151   0.0044122288      1.8071456     0.00387632      2.0611129   0.0056782567
             90      1.6789795   0.0032119573      1.5511282   0.0031888324      1.7784569   0.0035696977
            100      1.4580971    0.003173454      1.3412684   0.0030687374      1.5516205   0.0039613676
            110      1.2636036   0.0049992611      1.1548433   0.0036579453       1.354421   0.0076145178
            120      1.0976318   0.0025786978     0.99926661   0.0024816901      1.1789696   0.0029136772
            130     0.95911946   0.0023126277     0.86751885   0.0022121246      1.0381164   0.0025502991
            140     0.83233103   0.0022054197     0.74598118   0.0020674279     0.90921149   0.0025084814
            150     0.73412546   0.0020021469     0.65356343   0.0018190274     0.80907348   0.0023748067
            160     0.64725205   0.0018670967     0.57164542   0.0016528542     0.72013143   0.0022152306
            170     0.56977622   0.0040390199     0.50124123    0.003003259     0.63540787   0.0056542036
            180      0.5059317   0.0018494377      0.4402763   0.0015230261     0.57147915   0.0024486642
            190     0.45096614   0.0015310123     0.39077957   0.0014224113     0.51057119   0.0017696961
            200     0.40589345   0.0014609515     0.34902513   0.0012639713     0.46364458   0.0018320878
            210     0.36393866    0.001669297     0.31079566   0.0012307145     0.41617322    0.001904723
            220     0.32713111   0.0012046457     0.27891492   0.0010673373      0.3763627   0.0014036306
            230     0.29705305    0.001215278     0.25222205    0.001051559     0.34341011    0.001496592
            240     0.26755137   0.0010985285     0.22619328  0.00094175864     0.31046876     0.00131884
            250     0.24417936   0.0010540634     0.20524606  0.00097773171     0.28443524   0.0012138019
            260     0.22153246  0.00097391193     0.18608883  0.00085001517     0.25841666   0.0011507865
            270     0.20206607  0.00092385323     0.16938661  0.00078933324     0.23612465    0.001127857
            280     0.18516151  0.00089005418     0.15487374   0.0007810234     0.21682012   0.0010793323
            290     0.16882533  0.00083945883     0.14058649  0.00070934783     0.19870442   0.0010089998
            300     0.15584368   0.0010032893     0.12940697  0.00069437274     0.18272191  0.00097891826
            310      0.1414456  0.00076280205     0.11755285  0.00064228061     0.16662126  0.00091531696
            320     0.13126621  0.00073196775     0.10878983  0.00061386083     0.15506744   0.0008785952
            330     0.11704901   0.0039486379    0.096095292   0.0041343167     0.14178107   0.0013651947
            340     0.11041656  0.00067024492    0.091455847  0.00056684232     0.13023822  0.00083664134
            350     0.10159372  0.00064497659    0.084047922   0.0005370713     0.12005837  0.00077805845
            360    0.094466178  0.00062824919    0.078134421   0.0005445914     0.11151619  0.00083485004
            370    0.085793482  0.00061192888    0.070984856  0.00052992858     0.10106514  0.00076664357
            380    0.079834149  0.00056971581    0.065756035  0.00047198095    0.094694818  0.00068644587
            390    0.073814104  0.00054662213    0.060917917  0.00045428029    0.087281501  0.00066005619
            400    0.068791163  0.00052936373      0.0567134  0.00043791337    0.081384142  0.00065388773
            410    0.064395778  0.00051033198    0.053073396  0.00042747138    0.076143669  0.00063502312
            420    0.058733054  0.00048766087    0.048364758  0.00040514225    0.069549981  0.00059119446
            430    0.054725136  0.00048139711    0.045070092  0.00040592272    0.064739475  0.00057682982
            440    0.050342989   0.0004562892    0.041437211  0.00037736074    0.059638862  0.00055004885
            450    0.047150091  0.00043556342    0.038846912  0.00036027034    0.055677138  0.00052855073
            460    0.043599823  0.00042156842     0.03585835  0.00034891848    0.051786047  0.00052253086
            470    0.040954709  0.00040737487    0.033730616  0.00033783854      0.0483526  0.00049052525
            480     0.03764522  0.00039599807     0.03096272  0.00032965108    0.044516573  0.00047601701
            490    0.034778068  0.00037448724    0.028587849  0.00030886982     0.04115783  0.00045136548
            500     0.03231753  0.00036269084    0.026634425  0.00030390049    0.038082836   0.0004570363
            510    0.030999038  0.00035688713    0.025543062  0.00030172177    0.036578416  0.00042869717
            520    0.028404893  0.00033973782    0.023379708  0.00027960316    0.033501308  0.00041289223
            530    0.026415212  0.00032734527    0.021761254  0.00027070545    0.031091942   0.0003933074
            540    0.024829835  0.00031693376    0.020424581  0.00026130145    0.029278986  0.00038422907
            550    0.022722337  0.00030470408    0.018689817  0.00025244722    0.026812632  0.00036491647
            560    0.020842074  0.00029633197    0.017183732  0.00025090753    0.024457717  0.00035459429
            570    0.019662477  0.00028093946    0.016182705  0.00023101527    0.023118683  0.00034013337
            580    0.018625141   0.0002751221    0.015375254  0.00022910172    0.021795673  0.00034557227
            590    0.017421886  0.00026765301    0.014300735  0.00022091808    0.020576377  0.00032107074
            600    0.015891529  0.00025364514    0.013049481  0.00020856996    0.018735863  0.00030618153
            610    0.014748331  0.00024440852    0.012145743  0.00020180471    0.017310784  0.00029439603
            620    0.014091092  0.00023877908    0.011587177  0.00019639207    0.016561855  0.00029200025
            630    0.013219391  0.00023228062    0.010896184   0.0001938595    0.015474771  0.00028755225
            640    0.012082314  0.00022171579   0.0099645507  0.00018291135    0.014123326  0.00027020667
            650    0.011538258  0.00021601352     0.00951707   0.0001826442    0.013461629  0.00026339347
            660    0.010652386  0.00020854234   0.0087960447  0.00017237632    0.012412013  0.00025441998
            670    0.010177636  0.00020277186   0.0083863564  0.00016734523    0.011903017  0.00024536432
            680   0.0093570799  0.00019466629   0.0076769257  0.00016049197    0.010996206  0.00023364155
            690    0.008672372  0.00018760158    0.007136443  0.00015470268    0.010151938  0.00022557843
            700   0.0080932169  0.00018155599   0.0066518811  0.00014880808    0.009505889  0.00021820797
            710   0.0075832974  0.00017665764   0.0062476246   0.0001459517   0.0088508229  0.00021349225
            720    0.007052841  0.00017045708   0.0058362234  0.00014015659   0.0081838206  0.00020843213
            730    0.006604221  0.00016381902   0.0054819149  0.00013769281   0.0076155424  0.00020645209
            740   0.0066308343   0.0001639184   0.0054674009  0.00013529688   0.0077316532  0.00019499466
            750   0.0058260272  0.00015454649   0.0048009746   0.0001264658    0.006797327  0.00018666272
            760   0.0053502687  0.00015973698   0.0043789731  0.00013872499   0.0062955457  0.00018390188
            770   0.0049739073  0.00015440651   0.0040879275  0.00013248113   0.0058124871  0.00017860148
            780   0.0047209427  0.00013900312   0.0039577864  0.00013026496   0.0053390986  0.00021864425
            790    0.004581038   0.0001364599   0.0037902581  0.00011299068   0.0053049061  0.00016383211
            800   0.0043128462  0.00013231186    0.003547445  0.00010916869   0.0050529045  0.00015788161
            810   0.0035775659  0.00012087286   0.0029859381  0.00010550935   0.0040596832  0.00016852852
            820     0.00365621  0.00012252244   0.0030266012  0.00010080437   0.0042142679  0.00014874049
            830   0.0033953918  0.00011840883    0.002806919  9.7375181e-05    0.003921071  0.00014554325
            840   0.0035007756  0.00012928185   0.0029068864  0.00011789803   0.0040258296  0.00014078162
            850   0.0031073458  0.00011359015   0.0025614318  9.2767947e-05   0.0036071135  0.00013750667
            860   0.0027046082  0.00010670561   0.0022257882  8.8683196e-05   0.0031467029  0.00012575853
            870    0.002851568  0.00010831368   0.0023731372  9.0256938e-05    0.003253179  0.00013006914
            880   0.0025430113  0.00010187579   0.0021117875  8.5513462e-05   0.0029064055  0.00012246873
            890   0.0023340724  0.00011812359   0.0019089255  0.00010684218   0.0027327488  0.00012793399
            900   0.0022673071  9.7263703e-05   0.0018787383  8.0684197e-05   0.0026097426  0.00011513954
            910   0.0020455817   9.182611e-05   0.0017070249  7.6061741e-05   0.0023161559  0.00011627943
            920   0.0020332589  9.0968978e-05    0.001693251  7.6154776e-05   0.0023117062  0.00010674615
            930   0.0020178042  9.1453892e-05   0.0016745192  7.5062914e-05   0.0023114249  0.00011133125
            940   0.0018121555  8.5987805e-05   0.0015034195  7.1122644e-05   0.0020757434  0.00010168088
            950   0.0015410919  7.9756059e-05   0.0012896436  6.6580203e-05   0.0017312048  0.00010354084
            960   0.0014937909  7.8990869e-05   0.0012349532  6.5019349e-05   0.0017224147  9.4008566e-05
            970   0.0012603823  7.2991185e-05    0.001056815  6.0676626e-05   0.0014133618  8.5948032e-05
            980   0.0011701348  7.0792063e-05  0.00097570153  5.8635706e-05     0.00132945  8.4375061e-05
            990   0.0013544776  7.4205995e-05   0.0011787567  8.1849556e-05   0.0014280885  0.00010714497
           1000   0.0013544776  7.4205995e-05   0.0011787567  8.1849556e-05   0.0014280885  0.00010714497
