#         pttop        central        num_err    min (scale)        num_err    max (scale)        num_err
              0     0.18591087  0.00094747913     0.16663265  0.00085106191     0.20373298   0.0010519322
             10     0.53803437   0.0016054005     0.48183374   0.0014429321     0.59034801   0.0017847013
             20     0.87637902   0.0020408643     0.78398854   0.0018299636     0.96300043   0.0022642519
             30      1.1834102    0.002363324      1.0579054   0.0021173274      1.3014598   0.0026217526
             40      1.4589713   0.0026164637      1.3043463   0.0024082151      1.6039068   0.0030506436
             50      1.6968222   0.0028145407      1.5165501   0.0025208658      1.8653707   0.0031241023
             60      1.8885967   0.0029619072      1.6872589   0.0026511874      2.0765234   0.0032813771
             70      2.0300443   0.0030658609      1.8142684   0.0027458047      2.2297858   0.0033951943
             80       2.125445   0.0031346331      1.9001666   0.0028075735      2.3319448   0.0034682727
             90      2.1763221   0.0031692274       1.946637   0.0028480563       2.384491     0.00352983
            100      2.1886541   0.0031777618      1.9581272   0.0028481798      2.3958559   0.0035081239
            110      2.1740775   0.0031679953      1.9463167   0.0028413159      2.3759599   0.0034934631
            120      2.1204906    0.003130978      1.8996334   0.0028104885      2.3135597    0.003452047
            130      2.0462842   0.0030778804      1.8336922   0.0027630503      2.2302875   0.0033874599
            140      1.9555942   0.0030121709      1.7531977   0.0027063106      2.1284529   0.0033172561
            150      1.8553503   0.0029372163      1.6647338   0.0026414841      2.0155284   0.0032327466
            160      1.7374638   0.0028467313      1.5595333   0.0025607801      1.8850981   0.0031314765
            170      1.6227007   0.0027548589      1.4576499    0.002482732      1.7572813   0.0030339071
            180      1.5026787   0.0026550477      1.3509486   0.0023907947      1.6243446   0.0029123964
            190      1.3902556   0.0025576367       1.250733   0.0023708528      1.5000391   0.0030292902
            200      1.2744351   0.0024518106      1.1471917   0.0022112807      1.3731424   0.0026865304
            210      1.1683563   0.0023507457      1.0526815   0.0021247455      1.2560686   0.0025829848
            220      1.0645373     0.00224644     0.95941332   0.0020352045      1.1434897   0.0024820136
            230     0.96516888   0.0021425732      0.8703875   0.0019366481       1.035053   0.0023502977
            240     0.87518114   0.0020427546     0.78995709   0.0018464455     0.93669591    0.002237487
            250     0.79358459    0.001947292     0.71713443   0.0017787399     0.84726972   0.0021999734
            260     0.71538662   0.0018510225     0.64630671   0.0016742876     0.76377621   0.0020270762
            270     0.64412409   0.0017583271      0.5825348   0.0015924819     0.68619349   0.0019327364
            280     0.58371892   0.0016754962     0.52819839   0.0015205965      0.6209389   0.0018454739
            290     0.52688535   0.0015935289     0.47727172   0.0014603261     0.55915019   0.0018048819
            300     0.47246497   0.0015106856     0.42829856   0.0013744184      0.5005351   0.0016753141
            310     0.42558507   0.0014342726     0.38591269   0.0013023528     0.45052622   0.0015821578
            320      0.3815058   0.0013597186     0.34597323   0.0012328743     0.40371831   0.0014894698
            330     0.34135237   0.0012877753     0.30989071   0.0011702468     0.36028757   0.0014246055
            340     0.30877572   0.0012254159     0.28054272   0.0011119832     0.32543111    0.001344526
            350     0.27636113   0.0011602501     0.25120474   0.0010528916     0.29090097   0.0012760151
            360     0.25133011   0.0011074751     0.22844083   0.0010045699     0.26443695   0.0012165495
            370     0.22270444   0.0010439636     0.20265962  0.00094789967     0.23375327   0.0011509587
            380      0.2020224  0.00099479341       0.184047  0.00090534542     0.21163128   0.0011007369
            390      0.1814804  0.00094305088     0.16564611  0.00086316789     0.18932952   0.0010533797
            400     0.16178341  0.00089226068      0.1476617  0.00081175087      0.1687728  0.00098869691
            410     0.14775676  0.00085272758     0.13503365  0.00080189159     0.15373383   0.0010391999
            420     0.13291042  0.00080956256     0.12136583  0.00073743422     0.13846223  0.00090123666
            430     0.11999723  0.00076999775     0.10977572  0.00070294439     0.12455208  0.00086267107
            440     0.10677422  0.00072729683    0.097680207   0.0006769493     0.11078604  0.00085511246
            450    0.096444919  0.00069074949    0.088364579  0.00065210894    0.099818528  0.00077936701
            460     0.08714008  0.00065856276    0.079782794  0.00059737519    0.090278219  0.00070665937
            470    0.078942925  0.00062720401     0.07242415   0.0005725313    0.081520627  0.00067853549
            480    0.070733095  0.00059383926    0.064979865   0.0005781944    0.072949007  0.00068599079
            490       0.063919   0.0005657443     0.05858539  0.00051233914    0.066049607   0.0006096627
            500    0.058491809  0.00054205002    0.053822389  0.00049614165    0.060163761  0.00058573691
            510    0.052776259  0.00051498253    0.048535716  0.00046961462    0.054314208  0.00055948871
            520    0.048622812   0.0004944125     0.04465384  0.00044813114    0.050029156  0.00054792176
            530    0.043890809  0.00047056628    0.040383151  0.00042785209     0.04513261  0.00050647042
            540    0.039010024  0.00044286999     0.03590053  0.00040573854    0.040079466  0.00047830196
            550     0.03550226  0.00042355139     0.03260505  0.00038331056    0.036582597  0.00045784653
            560    0.032787435  0.00040818628    0.030086914  0.00036875087    0.033834052  0.00044082348
            570    0.029371457  0.00038783945    0.027141548  0.00035181434    0.030029986  0.00042605404
            580    0.026716947  0.00036982983    0.024720015  0.00033521099    0.027271714  0.00040103844
            590    0.023329628  0.00034546198    0.021562618  0.00031359038    0.023847923  0.00037445279
            600    0.022076769  0.00033600401    0.020454761  0.00031944875    0.022498345  0.00035371117
            610    0.019540549  0.00031826117    0.018149338  0.00029547295    0.019876421  0.00035215367
            620     0.01834774  0.00030638689    0.016993472  0.00028318471    0.018726036  0.00033795713
            630    0.016930238  0.00029416555    0.015619183  0.00026640667    0.017350059  0.00031687334
            640    0.015327624  0.00028108453    0.014135514  0.00025285066    0.015714941  0.00030305408
            650    0.013980211  0.00026865687    0.012903196  0.00024262346    0.014329345  0.00029172974
            660    0.012667039  0.00025785379    0.011923129  0.00025467336     0.01282294  0.00027513116
            670    0.011913372  0.00024978027    0.011009238  0.00022458756    0.012178403  0.00026083001
            680    0.010958395  0.00023939694    0.010124337  0.00021615937    0.011203943  0.00025874486
            690   0.0098455529  0.00022762122   0.0091864289  0.00020733783   0.0099888717  0.00023742811
            700   0.0093045466  0.00022121306   0.0086595281  0.00020062129     0.00945488    0.000231406
            710   0.0085249715   0.0002128317   0.0080702166  0.00025011026   0.0085701733  0.00023879973
            720   0.0073563188  0.00019920222   0.0068992125  0.00018118538   0.0074512976  0.00020888575
            730   0.0066028628   0.0001882848   0.0061454717  0.00016930835   0.0067020884  0.00020403298
            740   0.0063626761  0.00018238391    0.005862824  0.00016440129   0.0065450056  0.00019598138
            750    0.005923731  0.00017792746   0.0055341246   0.0001609265   0.0060306527   0.0001867897
            760   0.0053212727   0.0001697112     0.00503922  0.00015602136   0.0053556261  0.00017923084
            770    0.004556782  0.00015675324    0.004300695  0.00015258494   0.0046057266  0.00016526172
            780   0.0043567521  0.00015360362   0.0040976149   0.0001503012   0.0044463687  0.00017576895
            790   0.0043533161   0.0001528477   0.0040483387  0.00013738624   0.0044357592  0.00015987596
            800   0.0043533161   0.0001528477   0.0040483387  0.00013738624   0.0044357592  0.00015987596
