#      ptt+tbar        central        num_err    min (scale)        num_err    max (scale)        num_err
              0     0.29954253   0.0014096114     0.28774437   0.0013602388     0.31112037   0.0017822755
             10     0.89242565   0.0033965058     0.85249497   0.0028025237     0.93510561   0.0047695601
             20      1.4198785   0.0031505311      1.3612034   0.0032192001      1.4769242   0.0038889851
             30      1.8797935   0.0042561212      1.7965486   0.0038736372      1.9655935   0.0056427405
             40      2.2375324   0.0039207683      2.1388722   0.0038112847      2.3370255   0.0049973559
             50      2.4932008   0.0041773119      2.3795458   0.0045013518       2.607696   0.0052451104
             60      2.6418244   0.0044877212      2.5207221   0.0042122458      2.7541883   0.0053638915
             70      2.7133766    0.004456286      2.5878707   0.0048359704      2.8326043   0.0058356961
             80      2.7103277    0.004666961      2.5778803   0.0045506575      2.8353389   0.0061196637
             90      2.6251711   0.0043277692      2.4908394   0.0048924732      2.7469744   0.0055504377
            100       2.519675    0.005026592      2.3898812   0.0044378823      2.6410697   0.0068827007
            110      2.3713976   0.0044700841      2.2456199   0.0042274233      2.4841248   0.0057050425
            120      2.2064897   0.0037708937      2.0846823   0.0038763306      2.3150055   0.0046450702
            130      2.0356388   0.0035631011      1.9180424   0.0034890941       2.139117   0.0043818471
            140      1.8586883   0.0034745367       1.751383   0.0036046305       1.954901   0.0042665721
            150      1.6866381   0.0034253219      1.5815538   0.0032555228      1.7824551   0.0044543283
            160      1.5257468   0.0033192966      1.4316717   0.0043564449      1.6146363   0.0039675115
            170      1.3739658    0.003049468      1.2838367   0.0030696069       1.451437   0.0034588633
            180      1.2358385    0.003649518      1.1514016   0.0031023713      1.3148718   0.0052489963
            190       1.108932   0.0026699145      1.0330519   0.0027486693      1.1777797   0.0031099183
            200     0.99177108   0.0024549219     0.91884439   0.0024842237      1.0580104   0.0029091912
            210     0.88227426   0.0022583252      0.8169628   0.0022033503     0.94315224   0.0027791528
            220     0.78822423   0.0022816181     0.72956049   0.0023630541     0.84118609    0.002582213
            230     0.70386873   0.0020566665     0.64953499    0.002048179     0.75319496   0.0024466071
            240     0.62867463   0.0021091565     0.57828161    0.001814849     0.67370639   0.0022632068
            250     0.56055316   0.0019063701     0.51648104   0.0019954052      0.6008129    0.002143626
            260     0.50409715   0.0017419089      0.4633579   0.0020196256     0.54171725   0.0020392402
            270     0.45009107   0.0016241279     0.41380698   0.0017140524     0.48446409   0.0021475102
            280     0.40111071   0.0015379975     0.36785159   0.0015427362     0.43115486   0.0017984158
            290     0.36020843   0.0015138122      0.3284855   0.0015349811     0.38947671   0.0016895206
            300     0.32245695   0.0013969788      0.2940712    0.001434636     0.34916346    0.001738037
            310     0.28562877   0.0012801666     0.25984003   0.0012004082      0.3086848   0.0015430323
            320     0.25833776   0.0012563051     0.23531476   0.0014346684     0.28010813   0.0014378452
            330      0.2328923    0.001407701     0.21055539   0.0011507649     0.25230758   0.0013878611
            340     0.20754278   0.0010730126     0.18904227   0.0014905565     0.22526986    0.001330159
            350     0.18865161   0.0010308856     0.17086607   0.0010131557     0.20479232   0.0012077869
            360     0.16670775  0.00095355021     0.15095112  0.00090058808     0.18120916   0.0011376352
            370     0.15081373  0.00093937365     0.13621961  0.00092525503      0.1645018     0.00108036
            380     0.13541392  0.00084610315     0.12218011  0.00078705054     0.14752538   0.0010240242
            390     0.12213746  0.00089197726     0.10987803  0.00088100877     0.13331009   0.0010060292
            400      0.1104129  0.00076785606    0.099404164  0.00071426824     0.12053549   0.0009188379
            410     0.10106044  0.00086261975    0.091107957  0.00085780485     0.10994582  0.00092941483
            420    0.089583343  0.00070730019    0.080600644  0.00065487102    0.097685423    0.000857119
            430    0.082714158  0.00066457889    0.074241267  0.00061219384    0.090098386   0.0007935681
            440    0.074804204   0.0006616928    0.067485676  0.00066083505    0.081070481  0.00078606973
            450     0.06806958  0.00077532142    0.061374202   0.0008948284    0.073799199  0.00071946511
            460    0.061125138  0.00059537799    0.055086463  0.00063004406    0.066534419  0.00068400724
            470    0.055566501  0.00058352811    0.049998485  0.00065545857    0.060627776  0.00064927078
            480    0.049775582  0.00062607385    0.044967586   0.0007162068     0.05377585  0.00062063645
            490    0.044183493  0.00049878635    0.039723292  0.00046970486    0.047963746  0.00058770417
            500    0.041396038  0.00047751416    0.036953871  0.00049708366    0.044954877  0.00056184253
            510     0.03759385   0.0004696984    0.033645702  0.00046750622    0.040971379   0.0005477531
            520    0.034678767  0.00047246588    0.031087721  0.00045958136    0.037484306  0.00054113125
            530    0.031639164  0.00050571681    0.028602896  0.00055809029    0.034128305  0.00052092888
            540    0.028608461  0.00042066589    0.025781354  0.00042198875    0.031078974  0.00048112164
            550     0.02644865  0.00045018349    0.022867159   0.0010678626    0.028906972  0.00046789696
            560    0.023537874   0.0003607396    0.021072135  0.00034262133    0.025720313  0.00042357938
            570    0.021421297  0.00033190691    0.019068762  0.00029798663     0.02347368   0.0004035327
            580    0.019647961  0.00044601019    0.017664327   0.0004511334    0.021206955  0.00044447222
            590    0.017917723  0.00030468662    0.016084227  0.00029070734    0.019463424  0.00036698713
            600    0.016886816  0.00031251732    0.015134833  0.00031986358    0.018214429  0.00035738573
            610    0.015074019  0.00030100454    0.013399542  0.00027969705    0.016537985  0.00034808459
            620    0.014018685  0.00028250466    0.012537067  0.00027232406    0.015230566  0.00032177386
            630     0.01284047  0.00026119989    0.011354724  0.00023214249    0.014162627  0.00030759863
            640    0.011435012  0.00024969099    0.010198306  0.00022078361    0.012236548  0.00029807006
            650    0.010767703  0.00023572042   0.0095666049  0.00021054134    0.011802299  0.00028539476
            660   0.0098417105  0.00022431053   0.0087922763  0.00020039372    0.010653327  0.00027412124
            670   0.0094987958  0.00036072753   0.0086748842  0.00053005625   0.0099952146  0.00027587767
            680    0.007861427  0.00019951208     0.00700582  0.00017926185   0.0085678151  0.00024076684
            690   0.0075593936  0.00020093918   0.0067997946   0.0001802042   0.0081018986  0.00024153294
            700   0.0068465124  0.00018788264   0.0061778098  0.00018141774   0.0072974415   0.0002667395
            710   0.0063801841  0.00021645267   0.0057564358  0.00021965608    0.006737491  0.00023449713
            720   0.0057034654  0.00017097908   0.0050905827  0.00015563069   0.0061933429  0.00020610767
            730   0.0053677257  0.00016973892   0.0047553273  0.00015786259    0.005876404   0.0002072604
            740   0.0049869954  0.00015934644   0.0044521599  0.00014235968   0.0053901743  0.00019808516
            750   0.0044517287  0.00019306625   0.0040515562  0.00018470777   0.0048626841  0.00019732141
            760   0.0043733624   0.0001513313   0.0038341736  0.00016228544   0.0047342294  0.00017984087
            770   0.0037724893  0.00013958969   0.0033735578  0.00012461025   0.0040344071  0.00017049612
            780   0.0036539585     0.00014785   0.0030811338  0.00021584347   0.0038080257  0.00015977193
            790   0.0033028662   0.0001292027   0.0030038675  0.00012283513   0.0034994512   0.0001556734
            800   0.0033028662   0.0001292027   0.0030038675  0.00012283513   0.0034994512   0.0001556734
