# inc-ttH  pt(H        central        num_err    min (scale)        num_err    max (scale)        num_err
# iggs+top+tbar)
              0      4.0937101   0.0059134192      3.9164886   0.0052248261      4.1417673   0.0060519758
             10      6.3610528    0.006593888      5.8786925   0.0058136656      6.5976067   0.0077867964
             20      5.7380353   0.0060582628      5.2402109   0.0053505484      6.0391976   0.0071052026
             30      4.7931918   0.0054868151      4.3575633   0.0048830459      5.0702353    0.006480548
             40      3.9834874   0.0049845493      3.6116024   0.0044086186      4.2261156   0.0058014388
             50      3.3267697   0.0045486167      3.0121775   0.0040734265      3.5338436   0.0054323647
             60      2.8021944   0.0041696402      2.5336786   0.0036997304      2.9810679    0.004877357
             70      2.3938967   0.0038658355      2.1608779    0.003424351      2.5524545   0.0045018202
             80      2.0515972   0.0035654267      1.8500888   0.0031638789      2.1899685   0.0041685371
             90      1.7819549   0.0033216726      1.6046243   0.0029416955      1.9061485   0.0038599833
            100      1.5483669   0.0030959476      1.3933121   0.0027362182      1.6574559   0.0035828746
            110      1.3714108   0.0029098456      1.2328592   0.0025786751       1.470035   0.0033839097
            120       1.204055   0.0027317784      1.0817936   0.0024248338      1.2914307   0.0032063773
            130      1.0757916   0.0025776952     0.96545937   0.0022797011      1.1560591    0.002993541
            140     0.95650129   0.0024339637     0.85825697   0.0021491179      1.0278529   0.0028232616
            150     0.85978357   0.0023080416     0.77114706   0.0020350815     0.92454336   0.0026685507
            160     0.77281569   0.0021883007      0.6935835   0.0020038268     0.82995428   0.0028074373
            170     0.69984007   0.0020811548     0.62729597    0.001837599     0.75316402   0.0024185433
            180     0.63395264   0.0019834461     0.56808938   0.0017553598     0.68272335   0.0023161198
            190     0.57444824   0.0018843176     0.51482587   0.0016876537      0.6182354   0.0022618195
            200     0.52538586   0.0018052732     0.47048518   0.0015941912     0.56623448   0.0021102602
            210     0.47854424   0.0017251421     0.42895884     0.00153183     0.51483012   0.0020357803
            220      0.4372859   0.0016476482     0.39103647   0.0014497996     0.47226333   0.0019098697
            230      0.3995846   0.0015760176     0.35750851    0.001391948     0.43122217   0.0018322884
            240     0.36767525   0.0015115216     0.32872119   0.0013319543     0.39731634   0.0017549704
            250     0.33603849   0.0014458682     0.30076347   0.0012803961     0.36228592   0.0017086892
            260     0.30657921   0.0013808579     0.27382042   0.0012138669     0.33170759   0.0016056506
            270     0.28575882   0.0013331491     0.25509006   0.0011725221     0.30946945   0.0015496896
            280     0.26197628   0.0012771228     0.23411016   0.0011258555     0.28328351   0.0014855012
            290       0.240854   0.0012276721     0.21543831   0.0010845921     0.26000287   0.0014532223
            300      0.2229505   0.0011795379       0.199066   0.0010373281     0.24139422   0.0013691468
            310     0.20721186   0.0011372808     0.18529388   0.0010037376     0.22369235   0.0013288084
            320     0.18918725   0.0010896702     0.16901402  0.00099465322     0.20453329   0.0014422819
            330     0.17912449   0.0010594715     0.16020176  0.00093462921     0.19337044   0.0012442622
            340     0.16594945   0.0010176737      0.1483623  0.00089824624     0.17930708   0.0011914842
            350     0.15335426  0.00098004833      0.1367895  0.00085996853     0.16629671   0.0011370465
            360     0.14097609   0.0009396347     0.12600922  0.00082962475     0.15225435   0.0011063305
            370     0.13196729  0.00090936626     0.11783828  0.00079828926     0.14285966   0.0010629809
            380     0.12276722  0.00087854323     0.10949679  0.00077142142     0.13309234   0.0010296675
            390     0.11342989   0.0008542499     0.10124583  0.00074733788     0.12282945  0.00099903131
            400     0.10733676  0.00082031374    0.095846932  0.00071992953      0.1162089   0.0009523327
            410    0.097601766  0.00078593951    0.087203452   0.0006887952     0.10552049  0.00091600503
            420    0.092614205  0.00076087985    0.082481843  0.00066629706     0.10065609  0.00088956963
            430    0.084262836  0.00073052101    0.075348647  0.00064085541    0.090958998  0.00085792156
            440    0.080305402  0.00071303922    0.071811088  0.00062571935    0.086699371  0.00083679867
            450    0.073694742  0.00068408797    0.065833862  0.00059903608    0.079687019  0.00079944292
            460    0.070044899  0.00066861552    0.062727693  0.00058714013    0.075377315  0.00078975917
            470    0.065458373  0.00064256739    0.058516124  0.00056367688    0.070691316  0.00075390291
            480    0.059268864  0.00061453368    0.052957046  0.00053790722    0.064093761  0.00071554856
            490    0.056465672  0.00059797403    0.050476026  0.00052692777    0.060942282  0.00070627601
            500    0.052280411    0.000576542    0.046785684   0.0005068551    0.056356586  0.00067185263
            510    0.049373589  0.00055764079    0.044062016  0.00049184619    0.053517263  0.00066349593
            520    0.046296456  0.00054210822    0.041357341  0.00048243123    0.050060359  0.00065884057
            530    0.042194733  0.00052058418    0.037703262  0.00045565878    0.045576369  0.00061177902
            540    0.039782673  0.00050555349    0.035732462  0.00044492046    0.042607969  0.00059682127
            550    0.037436269  0.00048678265    0.033570884  0.00043513166    0.040104507  0.00061722176
            560    0.035508315   0.0004766638    0.031800708  0.00041850027    0.038199971  0.00055751412
            570    0.033041218  0.00045964823    0.029598474  0.00040270177    0.035531594  0.00053914434
            580    0.030476401  0.00044346214    0.027395246  0.00039279867    0.032596424  0.00052740283
            590    0.028723579  0.00043123439    0.025685667  0.00037666705    0.031010194  0.00050593125
            600     0.02682763  0.00041287552    0.023947873  0.00036167872    0.029034413  0.00048225282
            610    0.024693555  0.00039983655    0.022076587  0.00034967323    0.026617455  0.00046926414
            620    0.023007576  0.00038855662     0.02067392  0.00034171005    0.024624796  0.00046287621
            630    0.022133357  0.00037784277    0.019733157  0.00032948603    0.023986664  0.00044416031
            640    0.021411577  0.00037086298    0.019085734  0.00032315743    0.023235856  0.00043380353
            650    0.019892167  0.00035660742      0.0178345  0.00031581632    0.021334446  0.00042173701
            660    0.018402912   0.0003432251    0.016488245   0.0003011677    0.019766687  0.00040413714
            670    0.017460306  0.00033354451    0.015582355  0.00029189255    0.018888073  0.00038770811
            680    0.016468971   0.0003280153    0.015627168  0.00084516661    0.016821663  0.00034574152
            690    0.015528741  0.00031694908    0.013925294  0.00027787979    0.016633965  0.00037462014
            700    0.014182165  0.00030318224    0.012648824  0.00026398323    0.015347947  0.00035519028
            710    0.013019062  0.00029301565     0.01171309  0.00025728533    0.013894224  0.00035181863
            720    0.012384273  0.00028364387     0.01108069  0.00024684167    0.013319963  0.00033568532
            730    0.011547607  0.00027393581    0.010356917   0.0002403578    0.012398034  0.00032201085
            740     0.01072531  0.00026500516   0.0096921785  0.00025107318    0.011346976  0.00036957759
            750    0.010186353  0.00025632663   0.0090841077  0.00022393589    0.011026803  0.00030180038
            760   0.0094802555  0.00025113373   0.0085738556  0.00022191106    0.010027333  0.00029870151
            770   0.0091654639  0.00024439129   0.0082329553  0.00021396943   0.0097982448   0.0002915062
            780   0.0084336615  0.00023973591   0.0077127496  0.00022284246   0.0087519686  0.00028956343
            790   0.0082179214  0.00023096997   0.0073850164  0.00020243477    0.008772902  0.00026971236
            800   0.0077359551  0.00022546705   0.0069401477  0.00019780905   0.0082907402  0.00026349611
            810    0.007478336  0.00022073037   0.0067012861  0.00019319324    0.008022959  0.00025677689
            820   0.0069113561  0.00021221656   0.0062107752   0.0001857279   0.0073805005  0.00025413171
            830   0.0062932272  0.00020319271   0.0056501507  0.00017820003   0.0067403375   0.0002370972
            840   0.0058028867   0.0001973136   0.0053970337  0.00020625687   0.0059470861  0.00024632023
            850    0.005638179  0.00019488232   0.0050953483   0.0001710788   0.0059583726  0.00022945784
            860   0.0049253024  0.00018499613   0.0044590115  0.00016099248   0.0051924207  0.00021781026
            870   0.0049933732  0.00018186772   0.0044982843  0.00016255128   0.0053292275  0.00023184483
            880   0.0046607205  0.00017592081   0.0041865363  0.00015341534   0.0049884785  0.00020567342
            890   0.0045150667  0.00017041167   0.0040426781  0.00014962538   0.0048531192  0.00019826181
            900   0.0042516734  0.00016919815   0.0038161399  0.00014702746   0.0045570813  0.00019878401
            910   0.0041298049  0.00016503595   0.0037166081  0.00014436308   0.0043965746  0.00019567745
            920   0.0038655921   0.0001618477    0.003482436    0.000142469   0.0041096254  0.00019087379
            930    0.003611686  0.00015544095   0.0032109423  0.00013468865   0.0039260642  0.00018448095
            940   0.0035540765  0.00015193074   0.0032112464  0.00013416098   0.0037618837  0.00017498784
            950   0.0030695127  0.00014380034   0.0027604011  0.00012589919   0.0032838517  0.00017143787
            960   0.0029111626  0.00014088873   0.0026452701  0.00012437306   0.0030467971  0.00016225955
            970   0.0027285308  0.00013742792   0.0024795437  0.00012213994   0.0028602976  0.00015671051
            980   0.0025670608  0.00013020518   0.0022874009  0.00011301034   0.0027802999  0.00015225029
            990   0.0024910201  0.00012930633   0.0022115272  0.00011133916   0.0027110502  0.00015258893
           1000   0.0024910201  0.00012930633   0.0022115272  0.00011133916   0.0027110502  0.00015258893
