#         pttop        central        num_err    min (scale)        num_err    max (scale)        num_err
              0     0.20037459   0.0017202344     0.19907201   0.0017104569     0.20222367    0.001734864
             10     0.58505754    0.003022358      0.5812643   0.0030177967     0.59041931   0.0030314593
             20     0.94209194   0.0037448082     0.93590111   0.0037290449     0.95085579   0.0037684358
             30      1.2638699   0.0044431709      1.2550314   0.0043958789      1.2762517   0.0045128288
             40      1.5593293   0.0047559509      1.5483498   0.0047349938      1.5746436   0.0047860547
             50      1.7983818    0.004975557      1.7855156   0.0049489096      1.8163604   0.0050161033
             60      1.9867731   0.0054930654      1.9722536   0.0054152302      2.0069943   0.0056016015
             70      2.1292405   0.0053422991      2.1137744    0.005305955      2.1508181   0.0053956741
             80      2.2234312    0.005513703      2.2073976   0.0054754432      2.2459486   0.0055684227
             90      2.2653159   0.0058870288      2.2489742   0.0058613988      2.2884189   0.0059332962
            100      2.2612379   0.0053945058      2.2450888   0.0053575709      2.2841157   0.0054462188
            110      2.2412573   0.0054610914      2.2254646   0.0054236311      2.2637085   0.0055115345
            120      2.1819587   0.0056611223      2.1667633   0.0056308622      2.2036912   0.0057040054
            130      2.1001126   0.0052506339      2.0857512   0.0052144506      2.1207407   0.0053032565
            140      2.0028461   0.0050854138      1.9892167   0.0050520893      2.0224416    0.005133869
            150      1.8925847   0.0050127796      1.8799012   0.0049757726      1.9108704   0.0050659446
            160      1.7742555   0.0052481241      1.7623072   0.0051943393      1.7914705   0.0053245358
            170      1.6493769   0.0046005579      1.6381832   0.0045874336      1.6654497   0.0046455803
            180      1.5310036   0.0046276653      1.5207255   0.0045904773      1.5457706   0.0046823138
            190      1.4036399   0.0043715325      1.3943132    0.004332091      1.4170393   0.0044248372
            200      1.2836633   0.0040334406      1.2751696   0.0040063129      1.2958321   0.0040721695
            210      1.1761132   0.0045261225       1.168453   0.0045145557      1.1870373    0.004540565
            220      1.0740191    0.003908732      1.0669371   0.0038869232      1.0840779   0.0039413417
            230     0.97005851   0.0035694998     0.96359888   0.0035438112     0.97914113   0.0036036751
            240     0.87816102   0.0034632092     0.87233204   0.0034369707     0.88633716   0.0035001848
            250     0.79368538   0.0031693447     0.78845107   0.0031506249     0.80098524   0.0031956194
            260     0.71635939   0.0031381273     0.71159988   0.0031187535     0.72298698   0.0031692758
            270     0.64595847   0.0030785019     0.64171036   0.0030584949     0.65183922   0.0031071713
            280     0.58003236   0.0029339975     0.57609434   0.0029094178     0.58543782   0.0029673661
            290     0.52229914   0.0026581564     0.51879869   0.0026409975     0.52706752   0.0026815397
            300     0.46872827   0.0025094931     0.46550571   0.0024906915     0.47304368   0.0025380436
            310     0.42010144   0.0023364512     0.41727378   0.0023212354     0.42389776   0.0023571499
            320     0.38182685   0.0024029934     0.37923848   0.0023856438     0.38527846   0.0024266532
            330     0.34271872   0.0021286561     0.34040167   0.0021140321     0.34580009   0.0021483347
            340     0.30833048   0.0021516607     0.30622081    0.002137076     0.31111876   0.0021733245
            350     0.27625937   0.0019985324     0.27442049   0.0019960243     0.27865562   0.0020037461
            360     0.24641654   0.0017684035     0.24474498   0.0017581008     0.24858798   0.0017820538
            370       0.223497   0.0017748695     0.22195402   0.0017607847     0.22548767   0.0017927726
            380     0.20244905   0.0016876518     0.20104838   0.0016756685     0.20425396   0.0017035981
            390     0.17979763   0.0016091013      0.1785779   0.0016005799     0.18135766   0.0016202115
            400     0.15845908    0.001479969       0.157379   0.0014725148     0.15981835   0.0014908823
            410     0.14540466   0.0013965412     0.14440378   0.0013870531      0.1466642   0.0014087107
            420     0.12974843   0.0013036373     0.12887282   0.0012947946     0.13084513   0.0013143813
            430     0.11539195   0.0012575712     0.11459834   0.0012481895      0.1163774   0.0012690305
            440     0.10959837   0.0015822689     0.10884837   0.0015793966     0.11051899   0.0015856857
            450     0.09405515    0.001107863    0.093423225   0.0011003863    0.094837918    0.001117411
            460    0.086386046    0.001099403    0.085806264   0.0010900035    0.087096296   0.0011106593
            470    0.078397789   0.0010177228    0.077827282   0.0010085382    0.079086742   0.0010291447
            480    0.071006275  0.00095864531     0.07054115  0.00095340451    0.071572573  0.00096519448
            490     0.06245445  0.00096838746    0.062021174  0.00095938595    0.062974472  0.00097867127
            500    0.056057469    0.000891912    0.055658021  0.00088300239    0.056533447  0.00090285734
            510    0.051808969  0.00082300825     0.05143549  0.00081465475    0.052249326  0.00083272428
            520    0.046342995  0.00077747174    0.046029869   0.0007722931    0.046712471  0.00078376639
            530    0.042002989  0.00076308713    0.041723532  0.00075860502    0.042331834   0.0007680824
            540    0.040799093   0.0010860398     0.04048416   0.0010530094    0.041167674   0.0011253498
            550    0.036227558  0.00069030414     0.03598683  0.00068588376    0.036512897  0.00069565542
            560    0.032544598   0.0006408469     0.03232335  0.00063703548    0.032803878   0.0006454388
            570    0.028232696  0.00060474494    0.028050004  0.00060168687    0.028445294  0.00060840981
            580    0.025327121  0.00058033454    0.025158797  0.00057657002    0.025522579  0.00058474264
            590    0.023407386  0.00056156974    0.023255223  0.00055798853    0.023584577  0.00056579476
            600    0.021263014  0.00051973745    0.021121819  0.00051674666    0.021426085  0.00052322543
            610    0.019655833  0.00062135941    0.019518072  0.00061279612     0.01981505  0.00063196434
            620    0.017733321  0.00053467098    0.017599529   0.0005392764    0.017888124  0.00053037784
            630    0.016638059  0.00048247932    0.016525207  0.00047889767     0.01676667  0.00048673846
            640    0.014480294  0.00043155279    0.014387393  0.00042868535    0.014585713  0.00043487327
            650    0.013550508  0.00042666795    0.013475216  0.00042489703    0.013636887  0.00042887669
            660    0.012202631  0.00039740129    0.012129027  0.00039496478    0.012287834  0.00040029174
            670    0.011114703  0.00039164489    0.011043667  0.00038910106    0.011193837  0.00039451905
            680   0.0098959754  0.00039168601    0.009832122  0.00038667931   0.0099671009  0.00039723796
            690   0.0095637934  0.00037603836   0.0095159041  0.00037777477   0.0096170485  0.00037423411
            700   0.0094856707  0.00035556274   0.0094271749   0.0003533287   0.0095504036  0.00035804172
            710   0.0074838941  0.00031596559   0.0074372233  0.00031442593   0.0075355025  0.00031770424
            720   0.0075363836  0.00030662813   0.0074956591  0.00030526302   0.0075816173  0.00030817099
            730    0.006752333  0.00031828362   0.0067130499  0.00031662572   0.0067956071  0.00032023137
            740   0.0068199591  0.00029875122   0.0067842378  0.00029730175   0.0068593122  0.00030035967
            750   0.0056994773  0.00028799374    0.005665718  0.00028716172   0.0057372479   0.0002889242
            760   0.0050341607  0.00024842356   0.0050059272   0.0002472832   0.0050643155  0.00024966593
            770   0.0050224194  0.00025255764   0.0049950505  0.00025144239   0.0050517741   0.0002538146
            780   0.0049781614  0.00025045151   0.0049536971  0.00024926416   0.0050048702  0.00025178232
            790   0.0039131319  0.00022924212   0.0038898847  0.00022814233    0.003938459  0.00023045981
            800   0.0039131319  0.00022924212   0.0038898847  0.00022814233    0.003938459  0.00023045981
