#         pttop        central        num_err    min (scale)        num_err    max (scale)        num_err
              0     0.18591087  0.00094747913     0.17325232  0.00090053091     0.19444179  0.00099113217
             10     0.53803437   0.0016054005     0.50818831   0.0015300684     0.56362705   0.0016825817
             20     0.87637902   0.0020408643     0.83770641   0.0019592444     0.91756886   0.0021377096
             30      1.1834102    0.002363324      1.1401107   0.0022836059      1.2379089   0.0024732124
             40      1.4589713   0.0026164637      1.4136886    0.002568333      1.5244217   0.0027430994
             50      1.6968222   0.0028145407      1.6520773   0.0027415923       1.770803   0.0029381824
             60      1.8885967   0.0029619072       1.838825   0.0028849287      1.9682459   0.0030878261
             70      2.0300443   0.0030658609      1.9765074   0.0029862385       2.113308   0.0031926278
             80       2.125445   0.0031346331      2.0696661   0.0030535717      2.2098613   0.0032599297
             90      2.1763221   0.0031692274      2.1194691   0.0030878009      2.2603951   0.0032924823
            100      2.1886541   0.0031777618      2.1318392   0.0030965329       2.270984   0.0032979721
            110      2.1740775   0.0031679953      2.1179596   0.0030875715      2.2538113   0.0032846372
            120      2.1204906    0.003130978      2.0661223   0.0030520395      2.1964112   0.0032434203
            130      2.0462842   0.0030778804      1.9943156   0.0030009518      2.1176511   0.0031854825
            140      1.9555942   0.0030121709      1.9062751   0.0029376184      2.0221874   0.0031149949
            150      1.8553503   0.0029372163      1.8088527   0.0028649667      1.9172561   0.0030353743
            160      1.7374638   0.0028467313      1.6942291   0.0027773132      1.7942001   0.0029397646
            170      1.6227007   0.0027548589      1.5827179   0.0026882478      1.6745035   0.0028429194
            180      1.5026787   0.0026550477      1.4659168   0.0025914934      1.5497523   0.0027379404
            190      1.3902556   0.0025576367      1.3563593    0.002497555      1.4329857   0.0026365079
            200      1.2744351   0.0024518106       1.243666   0.0023938762      1.3127602   0.0025252366
            210      1.1683563   0.0023507457      1.1403471   0.0022957053       1.202794   0.0024196776
            220      1.0645373     0.00224644      1.0392969    0.002194485      1.0952578   0.0023108452
            230     0.96516888   0.0021425732     0.94246229     0.00209353      0.9924959   0.0022027446
            240     0.87518114   0.0020427546     0.85473424   0.0019965025     0.89950767   0.0020988545
            250     0.79358459    0.001947292     0.77509371   0.0019036768      0.8153216   0.0020000283
            260     0.71538662   0.0018510225     0.69897177   0.0018098658      0.7344782    0.001899711
            270     0.64412409   0.0017583271     0.62944826   0.0017197798     0.66106276   0.0018037426
            280     0.58371892   0.0016754962     0.57058816   0.0016391138     0.59874098   0.0017178378
            290     0.52688535   0.0015935289     0.51507863   0.0015594428      0.5401947   0.0016330478
            300     0.47246497   0.0015106856     0.46193821   0.0014788796     0.48417558   0.0015473936
            310     0.42558507   0.0014342726     0.41632428   0.0014045068     0.43587593   0.0014681809
            320      0.3815058   0.0013597186     0.37326881   0.0013316548      0.3905215   0.0013910357
            330     0.34135237   0.0012877753     0.33404455   0.0012615807     0.34927572   0.0013166583
            340     0.30877572   0.0012254159     0.30226352    0.001200816     0.31580098   0.0012523697
            350     0.27636113   0.0011602501     0.27061347   0.0011373621     0.28249893   0.0011850696
            360     0.25133011   0.0011074751     0.24614851   0.0010858869     0.25679231   0.0011305822
            370     0.22270444   0.0010439636     0.21815513   0.0010239236     0.22744181    0.001065212
            380      0.2020224  0.00099479341     0.19795536  0.00097616707     0.20625671   0.0010146813
            390      0.1814804  0.00094305088     0.17790002  0.00092563368     0.18518242    0.000961394
            400     0.16178341  0.00089226068      0.1586003  0.00087595987     0.16502126  0.00090916145
            410     0.14775676  0.00085272758     0.14483695  0.00084006073     0.15072167  0.00087003179
            420     0.13291042  0.00080956256      0.1303884  0.00079537905     0.13543408  0.00082409609
            430     0.11999723  0.00076999775     0.11773545  0.00075669186     0.12224471  0.00078355188
            440     0.10677422  0.00072729683     0.10479584  0.00071505819      0.1087177  0.00073975097
            450    0.096444919  0.00069074949    0.094662462  0.00067979927    0.098183482  0.00070259057
            460     0.08714008  0.00065856276    0.085572926  0.00064775863    0.088653819  0.00066920677
            470    0.078942925  0.00062720401    0.077542121  0.00061721202    0.080295658  0.00063711877
            480    0.070733095  0.00059383926    0.069512625  0.00058450408    0.071918402  0.00060327791
            490       0.063919   0.0005657443    0.062819177  0.00055706478    0.064955536  0.00057411496
            500    0.058491809  0.00054205002    0.057502829  0.00053383332     0.05942598  0.00054992982
            510    0.052776259  0.00051498253    0.051887225  0.00050745257    0.053605811  0.00052232079
            520    0.048622812   0.0004944125    0.047819883  0.00048709122    0.049377125  0.00050146306
            530    0.043890809  0.00047056628    0.043176079   0.0004637218    0.044550849  0.00047703369
            540    0.039010024  0.00044286999    0.038382484  0.00043654204     0.03959109  0.00044891901
            550     0.03550226  0.00042355139     0.03496017  0.00041792147    0.035999861  0.00042889487
            560    0.032787435  0.00040818628    0.032286879  0.00040276559    0.033242643  0.00041320547
            570    0.029371457  0.00038783945    0.028923388  0.00038282497    0.029778013  0.00039245587
            580    0.026716947  0.00036982983    0.026315393  0.00036515354    0.027085265  0.00037420201
            590    0.023329628  0.00034546198    0.022980165   0.0003409661    0.023638333  0.00034953737
            600    0.022076769  0.00033600401    0.021761033  0.00033183106    0.022360662  0.00033987204
            610    0.019540549  0.00031826117    0.019261174   0.0003143745    0.019788333  0.00032183245
            620     0.01834774  0.00030638689    0.018088086  0.00030273222    0.018579487  0.00030973992
            630    0.016930238  0.00029416555    0.016704275  0.00029076197     0.01713306  0.00029719683
            640    0.015327624  0.00028108453    0.015124376  0.00027782793    0.015506649  0.00028401778
            650    0.013980211  0.00026865687    0.013798798  0.00026579189     0.01413949  0.00027117539
            660    0.012667039  0.00025785379    0.012500383   0.0002551075    0.012812835  0.00026034039
            670    0.011913372  0.00024978027    0.011761484  0.00024706852    0.012043464   0.0002521243
            680    0.010958395  0.00023939694    0.010820955   0.0002368306    0.011075787   0.0002416527
            690   0.0098455529  0.00022762122   0.0097205522  0.00022526348   0.0099572508  0.00022993337
            700   0.0093045466  0.00022121306   0.0091917492  0.00021912311   0.0094076648  0.00022314386
            710   0.0085249715   0.0002128317    0.008424822  0.00021078148   0.0086108267  0.00021463184
            720   0.0073563188  0.00019920222   0.0072702832  0.00019734606   0.0074280007  0.00020078688
            730   0.0066028628   0.0001882848    0.006529819  0.00018662776   0.0066663664    0.000189792
            740   0.0063626761  0.00018238391   0.0062958644  0.00018070591   0.0064185326  0.00018377936
            750    0.005923731  0.00017792746   0.0058548007  0.00017647585   0.0059850931  0.00017917615
            760   0.0053212727   0.0001697112   0.0052633685   0.0001682939   0.0053688327  0.00017093338
            770    0.004556782  0.00015675324   0.0045088534  0.00015540278   0.0045966803  0.00015790558
            780   0.0043567521  0.00015360362   0.0043091848  0.00015236802   0.0043951835  0.00015466392
            790   0.0043533161   0.0001528477   0.0043096438  0.00015157231    0.004389067  0.00015394342
            800   0.0043533161   0.0001528477   0.0043096438  0.00015157231    0.004389067  0.00015394342
