#         pttop        central        num_err    min (scale)        num_err    max (scale)        num_err
              0    0.014279219  0.00011159149    0.010088656  8.1361572e-05    0.020747272  0.00015725964
             10    0.041873486  0.00019469952    0.029597616  0.00014216371    0.060816235  0.00027397972
             20    0.068274623  0.00024396953    0.048287051  0.00017793634    0.099108105  0.00034372696
             30    0.094083327  0.00028164584    0.066616639   0.0002052315     0.13642848  0.00039718283
             40     0.11696029   0.0003027643    0.082929025  0.00022003105     0.16938243  0.00042821898
             50     0.13722625   0.0003240838    0.097407874  0.00023546599     0.19853025  0.00045848572
             60     0.15711164  0.00033234986     0.11167607  0.00024096575     0.22700949  0.00047123415
             70      0.1736414  0.00034537006     0.12357104  0.00024998752     0.25062302  0.00049063655
             80     0.18808059  0.00035534193     0.13397096  0.00025726705     0.27124108   0.0005045427
             90     0.19938789  0.00035835373     0.14213651   0.0002589723     0.28734719  0.00050986547
            100     0.20802142  0.00035410801     0.14840206  0.00025548204     0.29959557  0.00050465143
            110     0.21342813  0.00037076649     0.15234488  0.00026867621     0.30723547  0.00052618118
            120     0.21713441  0.00036051571     0.15504011  0.00025996606     0.31250107   0.0005141673
            130     0.21716104  0.00036825499     0.15511441  0.00026783027      0.3124516  0.00052104945
            140     0.21564827   0.0003531957     0.15404922  0.00025425654     0.31027365  0.00050467077
            150     0.21168021   0.0003516322     0.15121604  0.00025337129     0.30458894   0.0005020244
            160     0.20531408  0.00034530969       0.146659  0.00024872844     0.29547156  0.00049318688
            170     0.19899527  0.00033661273     0.14213976  0.00024209854     0.28641424  0.00048155235
            180     0.18955739  0.00032786792     0.13537018  0.00023559666     0.27291106  0.00046950211
            190     0.18106126   0.0003284308     0.12928537  0.00023651211     0.26073273  0.00046932624
            200     0.17108141  0.00031132721     0.12213666  0.00022357415      0.2464281  0.00044620021
            210     0.16108916  0.00030198615     0.11496794  0.00021665727     0.23212378  0.00043325327
            220     0.15174494  0.00030600201     0.10828563  0.00021995772     0.21869945  0.00043813061
            230     0.14153758  0.00028542319     0.10097716  0.00020468056     0.20405014  0.00040972523
            240     0.13236418  0.00027467065    0.094409465  0.00019676047     0.19088291  0.00039475559
            250     0.12281649  0.00026560923    0.087566668  0.00019021988     0.17719124   0.0003818546
            260     0.11334486  0.00026462659    0.080775969  0.00018989955     0.16361478  0.00037966075
            270     0.10458796   0.0002466177    0.074531708  0.00017650789     0.15098671  0.00035483149
            280    0.096998838  0.00023815907    0.069086601  0.00017034313      0.1401152  0.00034290702
            290    0.089049307  0.00022869419    0.063418096   0.0001635467     0.12865071  0.00032935384
            300    0.082090816  0.00022052984     0.05845294  0.00015769296     0.11862279   0.0003176507
            310    0.075268498   0.0002119069    0.053584121  0.00015149005     0.10879196  0.00030533058
            320    0.069482849  0.00020456166    0.049447596  0.00014620808     0.10046955  0.00029481448
            330    0.063543755  0.00019594052    0.045205797  0.00013997284     0.09191985  0.00028257036
            340    0.058254009  0.00018822524    0.041430295  0.00013444573    0.084296916  0.00027149306
            350    0.053330206  0.00018050833    0.037929314  0.00012891518    0.077171154  0.00026040493
            360    0.048622595  0.00017267653    0.034566286  0.00012324632    0.070393548  0.00024928137
            370    0.044668955  0.00016593306    0.031744527  0.00011838967    0.064695417  0.00023964607
            380    0.041347838  0.00016004784    0.029377028  0.00011415294    0.059901648  0.00023123275
            390    0.037588715  0.00015288451    0.026703148  0.00010902813    0.054463254  0.00022091974
            400    0.034304117  0.00014646017    0.024368265  0.00010443747    0.049707695  0.00021166087
            410    0.031387112  0.00014029578    0.022292179  0.00010002545    0.045490468  0.00020279793
            420    0.028848439  0.00013484684    0.020478899  9.6083832e-05    0.041834032  0.00019504568
            430    0.026221135  0.00012880156    0.018606461  9.1734058e-05    0.038040309   0.0001863968
            440    0.024151626  0.00012397609    0.017142947  8.8320357e-05    0.035027643  0.00017937119
            450     0.02195141   0.0001184562    0.015576123  8.4359335e-05     0.03184811  0.00017144742
            460    0.020249039  0.00011396373    0.014369411   8.116481e-05    0.029375196  0.00016493432
            470     0.01845279  0.00010901474    0.013089902  7.7601406e-05    0.026780553  0.00015786112
            480    0.016849741  0.00010430916    0.011955335  7.4272993e-05    0.024449195  0.00015100965
            490    0.015503779  0.00010020111    0.010997118  7.1324101e-05    0.022503756  0.00014511882
            500    0.014203071  9.6122748e-05    0.010075767  6.8430893e-05    0.020612797  0.00013919198
            510    0.013110633  9.2364439e-05   0.0092955855  6.5711521e-05    0.019038141   0.0001338326
            520    0.011974444  8.8393117e-05   0.0084864413  6.2856833e-05    0.017396875  0.00012815402
            530    0.010864961  8.4301609e-05    0.007698942  5.9937672e-05    0.015787144  0.00012223613
            540    0.010197823  8.1854955e-05   0.0072253477  5.8190969e-05    0.014820095  0.00011871468
            550    0.009255983  7.8085462e-05   0.0065555514  5.5487986e-05    0.013456718  0.00011329694
            560   0.0086563636  7.5643963e-05   0.0061313156  5.3752262e-05    0.012584085  0.00010975931
            570    0.008009437  7.2820339e-05   0.0056729477  5.1739296e-05    0.011643854  0.00010567395
            580   0.0072581858  6.9521292e-05    0.005143314  4.9418336e-05    0.010546091  0.00010083658
            590   0.0067143737  6.6898684e-05   0.0047561741  4.7538396e-05   0.0097598013  9.7065093e-05
            600   0.0061793279  6.4224081e-05   0.0043778108  4.5640291e-05   0.0089804973  9.3178499e-05
            610   0.0057484715  6.1976919e-05   0.0040731228  4.4051216e-05   0.0083529809  8.9900512e-05
            620   0.0052447533  5.9410804e-05   0.0037135333  4.2192805e-05   0.0076268629  8.6252815e-05
            630   0.0047694455  5.6648949e-05   0.0033786741  4.0249431e-05   0.0069320897  8.2205437e-05
            640   0.0045070264  5.5111075e-05   0.0031920048  3.9148561e-05    0.006552203    7.99905e-05
            650   0.0042044698  5.3195374e-05   0.0029757191  3.7760253e-05   0.0061168895  7.7271149e-05
            660   0.0036775487  4.9762515e-05   0.0026026274  3.5317667e-05   0.0053507869  7.2301172e-05
            670   0.0035420418   4.890907e-05   0.0025067036  3.4710631e-05   0.0051533759  7.1062166e-05
            680   0.0032037451  4.6552147e-05   0.0022658732  3.3018604e-05   0.0046643241  6.7678817e-05
            690   0.0029651599   4.486743e-05   0.0020994126  3.1856584e-05   0.0043118217  6.5155484e-05
            700   0.0027550277  4.3242582e-05   0.0019480245  3.0665629e-05   0.0040171729  6.3319392e-05
            710   0.0026638453  4.2530311e-05   0.0018849299  3.0180044e-05    0.003876269  6.1801061e-05
            720    0.002390034  4.0390298e-05   0.0016920361  2.8674464e-05   0.0034758753  5.8661162e-05
            730    0.002119912  3.8014206e-05   0.0015006639  2.6987208e-05   0.0030832416  5.5211034e-05
            740   0.0020754963  3.7597588e-05   0.0014676258  2.6661129e-05   0.0030222092  5.4672675e-05
            750   0.0019862945  3.6840064e-05   0.0014037162  2.6105354e-05   0.0028943288  5.3640345e-05
            760   0.0017792119  3.4924802e-05   0.0012572161  2.4740758e-05    0.002592505  5.0832147e-05
            770   0.0016273443  3.3356588e-05   0.0011518622   2.366922e-05   0.0023667627    4.84615e-05
            780   0.0014978317  3.2091661e-05   0.0010586218  2.2738904e-05   0.0021821216  4.6706241e-05
            790   0.0014121799  3.1167343e-05  0.00099787245    2.20802e-05   0.0020578353   4.536873e-05
            800   0.0014121799  3.1167343e-05  0.00099787245    2.20802e-05   0.0020578353   4.536873e-05
