# ptHiggs+top+t        central        num_err    min (scale)        num_err    max (scale)        num_err
# bar
              0      3.4817509   0.0042460693       3.203148   0.0037255515      3.7189599   0.0049264911
             10      5.0906082   0.0047206097      4.5615271   0.0041233301      5.6133079   0.0054741196
             20        4.46959    0.004335843      3.9661196   0.0037956795       4.984013    0.005066499
             30      3.6853342   0.0039226101      3.2555979   0.0034166659      4.1303644   0.0045352438
             40      3.0328998   0.0035596823      2.6729044    0.003098775      3.4079632   0.0041112897
             50      2.5168612   0.0032453035      2.2144815   0.0028261691      2.8333336   0.0037522443
             60      2.1083741   0.0029762853      1.8530317   0.0025888794      2.3762538   0.0034371143
             70      1.7848611    0.002739414      1.5663906   0.0023817256       2.015235   0.0031629291
             80      1.5260873   0.0025355792      1.3380918   0.0022033378       1.724792   0.0029289888
             90      1.3191223   0.0023569964       1.155526   0.0020499159      1.4925484   0.0027292427
            100      1.1513481   0.0022019702      1.0078927   0.0019121149      1.3037781   0.0025413683
            110      1.0103221   0.0020626837     0.88348065   0.0017903255      1.1456956   0.0023833029
            120     0.88781807   0.0019341668     0.77576655   0.0016776236      1.0077071    0.002234268
            130     0.78641781    0.001823232     0.68718821   0.0015813526     0.89250686   0.0021059856
            140     0.69926742   0.0017200939     0.61068956   0.0014910113     0.79415806    0.001988439
            150      0.6272729   0.0016280829     0.54783198   0.0014126488      0.7123256   0.0018859143
            160      0.5617774   0.0015415677     0.49026907   0.0013363222     0.63859459   0.0017839395
            170     0.50710352   0.0014894382     0.44263474   0.0012864216     0.57625879   0.0017325849
            180     0.45744452   0.0013929682     0.39907684   0.0012065241     0.52021215   0.0016121531
            190     0.41652187   0.0013304154     0.36334913   0.0011529962     0.47373624   0.0015409816
            200     0.37828149   0.0012672885      0.3299872   0.0010988744      0.4302069    0.001468626
            210     0.34306512    0.001207841     0.29912783   0.0010463026      0.3904309   0.0013987013
            220      0.3114062   0.0011509529     0.27154504  0.00099724261     0.35433744   0.0013341029
            230     0.28708818   0.0011060217     0.25029769  0.00095763628     0.32674962   0.0012821016
            240     0.26312105   0.0010581451     0.22931428  0.00091616842     0.29963562   0.0012252574
            250      0.2410102   0.0010134673     0.20997957  0.00087706576     0.27458482   0.0011741059
            260     0.22236554  0.00097371566     0.19379525  0.00084323048     0.25320863   0.0011286588
            270     0.20204048   0.0009273881     0.17608009   0.0008026861      0.2300765   0.0010742866
            280     0.18695123  0.00089388083     0.16302985  0.00077568002     0.21271617   0.0010415005
            290     0.17263302  0.00085833108     0.15033355  0.00074266477     0.19678893  0.00099568077
            300     0.15813343  0.00082206979     0.13761738  0.00071051904     0.18042517  0.00095317589
            310     0.14596871  0.00078993539     0.12711832  0.00068327137     0.16639612  0.00091663295
            320     0.13693626  0.00076425248     0.11926686  0.00066128063     0.15606916  0.00088611735
            330     0.12496706  0.00073213152     0.10883412  0.00063339037     0.14243583  0.00085032415
            340     0.11591321  0.00070484535      0.1010081   0.0006102323     0.13201081  0.00081783485
            350     0.10698615  0.00067795084    0.093187431  0.00058610928     0.12193102  0.00078711705
            360    0.099147204  0.00065170418    0.086407926  0.00056438192     0.11291435  0.00075792708
            370    0.093006782  0.00063121885    0.080991074  0.00054565043     0.10603175  0.00073299744
            380    0.085348818    0.000605404    0.074306368  0.00052354214    0.097324706  0.00070256135
            390    0.080184851   0.0005874368    0.069852401  0.00050773154    0.091384693  0.00068141892
            400    0.074051764  0.00056345638    0.064507916  0.00048812077    0.084382866  0.00065632889
            410    0.068120588  0.00054126854    0.059362938  0.00046833273    0.077591441  0.00062866254
            420    0.063448919  0.00052262752    0.055230522  0.00045133757    0.072379721  0.00060703158
            430    0.059191076  0.00050540213    0.051579676   0.0004370074    0.067424455  0.00058590491
            440    0.054575566  0.00048594951    0.047527365  0.00041969905    0.062219011  0.00056415112
            450    0.052029128  0.00047423697    0.045354356  0.00041151398    0.059239946  0.00055580043
            460    0.048049919  0.00045612695    0.041796015  0.00039357565    0.054865032   0.0005307438
            470    0.043971842  0.00043626576    0.038279419  0.00037664597     0.05015357  0.00050661546
            480    0.041537115  0.00042399957    0.036223416  0.00036753687    0.047265402  0.00049381912
            490    0.038716796  0.00040870214    0.033723814   0.0003531861    0.044135154  0.00047528735
            500    0.035968849  0.00039377587     0.03136934  0.00034188611    0.040934001  0.00045894824
            510    0.034024545  0.00038237409    0.029636536   0.0003307322    0.038779038  0.00044388017
            520    0.031080178  0.00036810395    0.027068056  0.00031765251    0.035431552  0.00042789812
            530    0.029011267  0.00035325103    0.025232415  0.00030505656    0.033130781  0.00041023257
            540     0.02736443  0.00034422328      0.0238123  0.00029717648    0.031232023   0.0004001366
            550    0.025671218  0.00033394586     0.02236965  0.00028851036     0.02924894  0.00038829143
            560    0.024128805  0.00032325286    0.020983232  0.00027901715    0.027561676  0.00037529154
            570     0.02226877  0.00031250172     0.01943062  0.00026981739    0.025322385  0.00036401032
            580    0.020461306   0.0002992503    0.017808435   0.0002581147    0.023342681  0.00034829544
            590    0.019293602  0.00028969135    0.016799941  0.00025009767    0.021992036  0.00033633136
            600    0.018053631  0.00028214003    0.015743769  0.00024341677    0.020551041  0.00032872007
            610    0.017419971  0.00027375759     0.01518098  0.00023702459    0.019837577  0.00031771508
            620    0.015962586  0.00026317973    0.013918845   0.0002279579    0.018164844  0.00030751683
            630    0.015233814  0.00025614228     0.01327261  0.00022155366    0.017359748  0.00029674309
            640    0.013789959  0.00024548956     0.01202623   0.0002127412    0.015694851  0.00028685687
            650    0.013069264  0.00023972333    0.011389486  0.00020685071    0.014887013  0.00027868124
            660    0.012433718  0.00023202511    0.010850949  0.00020160256     0.01413566  0.00026979854
            670    0.011472023    0.000223952    0.010027777  0.00019365794    0.013010484  0.00026039608
            680    0.010810315  0.00021811776   0.0094200123  0.00018803952     0.01231313   0.0002542275
            690    0.010067603  0.00020999231   0.0087746816  0.00018122112    0.011467748  0.00024488652
            700   0.0093970671   0.0002021861    0.008200726  0.00017573779    0.010685638  0.00023637241
            710   0.0091359938  0.00019964209   0.0079658894  0.00017253228    0.010398817  0.00023156523
            720   0.0083547779  0.00019163408   0.0072944211  0.00016603709   0.0094943254  0.00022315764
            730   0.0079151019  0.00018606886   0.0069049202  0.00016113468   0.0090008881  0.00021597061
            740   0.0072258555  0.00017966604   0.0063243288  0.00015524587   0.0081858814  0.00020876911
            750    0.006914563   0.0001742193    0.006035688  0.00015068588   0.0078525358  0.00020244443
            760   0.0065936076  0.00016933561   0.0057540742    0.000146609   0.0074970922  0.00019601697
            770   0.0061426056  0.00016460508   0.0053703422  0.00014243991   0.0069647951  0.00019108123
            780   0.0059229404  0.00016139692   0.0051604288  0.00013916011   0.0067510257  0.00018796358
            790     0.00544387   0.0001554896   0.0047539744  0.00013421616   0.0061802606  0.00018085689
            800   0.0053156642  0.00015234038   0.0046267082  0.00013148134   0.0060649368  0.00017730821
            810   0.0049113993  0.00014642877   0.0042936946  0.00012744704   0.0055661194  0.00017032395
            820   0.0043388218  0.00013756914   0.0037871868  0.00011892059   0.0049314943  0.00015955148
            830   0.0041527477  0.00013524454   0.0036212314  0.00011687247   0.0047276977  0.00015749681
            840   0.0038577764  0.00013124659   0.0033706256   0.0001132327    0.004377783  0.00015291189
            850   0.0038992097  0.00012845126    0.003386388  0.00011099781   0.0044630088  0.00014925244
            860   0.0034781376  0.00012458647   0.0030339826  0.00010742826   0.0039568206  0.00014512077
            870   0.0031579139  0.00011888627   0.0027632357  0.00010277511   0.0035763121  0.00013896524
            880     0.00307352  0.00011600168   0.0026853171  0.00010047193   0.0034934457  0.00013462355
            890   0.0029422366  0.00011467775   0.0025745363  9.8970677e-05   0.0033328108  0.00013505787
            900   0.0027413917  0.00011254637   0.0024028972  9.7365856e-05   0.0030973701  0.00013144365
            910   0.0024562714  0.00010480486   0.0021651277  9.1106645e-05   0.0027555254  0.00012245844
            920    0.002542988  0.00010609197   0.0022175047  9.1534645e-05   0.0028937778  0.00012330129
            930   0.0023584179   0.0001007214   0.0020463207  8.6760475e-05   0.0027003606  0.00011721881
            940   0.0022626703  9.9075344e-05   0.0019641041  8.5303306e-05   0.0025907524  0.00011558983
            950   0.0019670111   9.396415e-05   0.0017232311  8.1458434e-05   0.0022269503  0.00011004854
            960   0.0019605603  9.4854509e-05   0.0017252314  8.2206832e-05   0.0022039639  0.00010971139
            970   0.0017839526  8.9301558e-05   0.0015630346  7.7227493e-05    0.002017018  0.00010363947
            980   0.0017503191  8.8851231e-05   0.0015220044  7.6354511e-05   0.0019992028  0.00010380174
            990   0.0017790741  8.7710354e-05   0.0015491497  7.5802007e-05   0.0020270082  0.00010160895
           1000   0.0017790741  8.7710354e-05   0.0015491497  7.5802007e-05   0.0020270082  0.00010160895
