#      ptt+tbar        central        num_err    min (scale)        num_err    max (scale)        num_err
              0     0.29784237   0.0049494748      0.2957427   0.0049236622     0.29950463   0.0049713689
             10     0.89582847   0.0086238254      0.8900816   0.0085977013      0.9054603   0.0087956813
             20      1.4343788    0.010933004      1.4251775    0.010947572      1.4530455    0.011243916
             30      1.8747702     0.01265139      1.8601301    0.012719047      1.8996892    0.012981234
             40      2.2445339    0.013661754      2.2287353    0.013607741      2.2794304    0.014079674
             50      2.4934842    0.014295574      2.4782039    0.014392558      2.5316563    0.014604958
             60      2.6836677    0.014990708      2.6651124    0.014935365      2.7216765    0.015343446
             70      2.7068995    0.014808431      2.6886956    0.014843271      2.7439901    0.015126954
             80      2.7302955    0.014952837      2.7144603    0.014994496        2.77181    0.015409907
             90      2.6479569    0.014676355       2.630092    0.014619787       2.683144    0.015110615
            100      2.5009598    0.014242315       2.485542    0.014190233      2.5307731    0.014564131
            110      2.3657962    0.013856008      2.3504109    0.013787951      2.3942289    0.014127783
            120      2.2095414     0.01320216      2.1990225    0.013261628      2.2372666    0.013559942
            130      2.0480502     0.01270221      2.0373414    0.012712555      2.0665608     0.01300905
            140      1.8715698    0.012068643      1.8598756    0.012023902      1.8872082    0.012236567
            150      1.6721169    0.011528103      1.6628021    0.011475812      1.6858849    0.011683253
            160      1.5292304      0.0108725      1.5205357    0.010815895      1.5399853    0.011049606
            170      1.3778836    0.010162845      1.3704957    0.010117815      1.3866851    0.010227749
            180      1.2500909   0.0096606562      1.2417773   0.0096494903      1.2574959   0.0097265953
            190      1.1096782   0.0090955348      1.1037482   0.0090500233      1.1156923   0.0091529639
            200     0.99196194   0.0087332229     0.98686835   0.0086939324     0.99639002     0.00879185
            210     0.87492439    0.008189003     0.87074021   0.0081667154      0.8788167   0.0082494291
            220     0.78896225   0.0076415514     0.78489822   0.0076018659     0.79161616   0.0076754536
            230     0.69430435   0.0071550609     0.69117229   0.0071627007     0.69593693   0.0071705316
            240     0.62426277   0.0068437785     0.62142717   0.0068131336     0.62606504   0.0068674967
            250     0.54507714   0.0063782635     0.54283499   0.0063525025     0.54630462   0.0064319241
            260     0.49550959    0.006100765     0.49343999   0.0060775995     0.49663848   0.0061203759
            270      0.4486909     0.00576454     0.44650255   0.0057626822      0.4495487   0.0057717367
            280     0.39282317   0.0053652361     0.39122808   0.0053445507     0.39349639   0.0053778848
            290     0.35576136   0.0051526857     0.35434827   0.0051313096     0.35633409   0.0051576683
            300     0.30924321   0.0047286813     0.30812939   0.0047120797     0.30984481   0.0047372727
            310     0.28360362   0.0044882692     0.28259195   0.0044717058     0.28408865   0.0044999702
            320     0.25868184   0.0043118936     0.25787701   0.0042996157     0.25905691   0.0043203815
            330     0.22924727   0.0039984578     0.22863518   0.0039871982     0.22973479   0.0040085263
            340     0.20516541   0.0037854013     0.20456059   0.0037744156     0.20543627   0.0037929159
            350      0.1816842   0.0035807245     0.18126262   0.0035732505     0.18196684   0.0035894184
            360     0.16437177   0.0033919296     0.16392842   0.0033821658      0.1645929   0.0033967596
            370     0.14593929   0.0031855675     0.14558555   0.0031778663     0.14612672   0.0031910544
            380      0.1330659   0.0030342913      0.1327655   0.0030270995     0.13322807   0.0030397725
            390     0.11571179   0.0028386155     0.11548446   0.0028330681     0.11584207   0.0028431499
            400     0.10493308   0.0026696281     0.10475646    0.002665331     0.10510908    0.002675163
            410    0.092404573   0.0025240408    0.092323256   0.0025249126    0.092638195   0.0025357243
            420    0.082988078   0.0024138117    0.082857132   0.0024103916    0.083139947   0.0024189074
            430    0.073559471   0.0022518776    0.073454726   0.0022498065    0.073666009   0.0022495177
            440    0.064619776   0.0021309228    0.064522593   0.0021274813    0.064678853   0.0021337229
            450    0.060070543   0.0020429508    0.059968164   0.0020400772    0.060115777   0.0020463138
            460    0.053118938   0.0019104637    0.053061574   0.0019085512    0.053356667    0.001924714
            470     0.04642473   0.0017832887    0.046366491   0.0017814221    0.046487224   0.0017856724
            480     0.04533583   0.0017707532    0.045246576    0.001766735     0.04544213   0.0017758516
            490    0.040883593   0.0016715204    0.040848087   0.0016699562    0.040925876   0.0016736242
            500    0.034056163   0.0015155973    0.033995689   0.0015146268    0.034069325   0.0015159835
            510     0.03176228   0.0014645549    0.031724331   0.0014631037    0.031802591   0.0014663208
            520    0.022968034    0.001271445    0.022951984   0.0012699504    0.022982366   0.0012734448
            530    0.024066775   0.0012852447    0.024021984   0.0012841371    0.024074977   0.0012854244
            540    0.022684845   0.0012219484    0.022641821   0.0012191835    0.022724349   0.0012248961
            550    0.020149839   0.0011643733    0.020116054   0.0011620867    0.020179122   0.0011670905
            560    0.016769341    0.001052956    0.016748417   0.0010511462    0.016792317   0.0010548399
            570    0.012343199  0.00096378324     0.01231568  0.00096237862    0.012361021  0.00096443452
            580    0.012814958  0.00094948629    0.012808805  0.00094909591    0.012820854   0.0009499574
            590    0.012262588   0.0009096825    0.012234823  0.00090879342    0.012288431  0.00091075841
            600    0.012010183  0.00092359876     0.01198123   0.0009220129    0.012036393  0.00092524932
            610    0.010856429  0.00089163977    0.010839905  0.00089047176    0.010866935  0.00089304944
            620   0.0049150565  0.00062446815    0.004719902  0.00061305783   0.0095546025  0.00083651222
            630   0.0094390177  0.00082985951   0.0094225885  0.00082810473   0.0094473881  0.00083126856
            640   0.0098885996  0.00085152526   0.0098812797  0.00085137353   0.0098929534  0.00085190402
            650   0.0088721326  0.00080322384   0.0088479153  0.00080165611    0.008874465  0.00080342398
            660   0.0064652504  0.00077875941   0.0064150833  0.00077754335    0.006512931     0.00077967
            670   0.0086411818   0.0008191443   0.0086311584  0.00081764445   0.0086492689  0.00082049428
            680   0.0056568991  0.00082488461    0.005649485  0.00082470084   0.0056624453  0.00082510623
            690   0.0013874796  0.00033989144   0.0012305708  0.00031753795   0.0014707829  0.00035063491
            700     0.00536813  0.00079785238   0.0053524798  0.00079763576   0.0053798355  0.00079825726
            710   0.0043260549  0.00075384623   0.0042431427  0.00074845109   0.0044043695  0.00075890471
            720   0.0063605371  0.00074693649    0.006256159  0.00073984642   0.0064130777  0.00075031733
            730   0.0060746444  0.00079682473   0.0060685444  0.00079727202   0.0060879711  0.00079801218
            740   0.0059550355  0.00079691902   0.0058732387  0.00079353549    0.006016351  0.00079919008
            750   0.0063636707  0.00082659534   0.0063604118  0.00082677916   0.0063637189  0.00082663414
            760   0.0046558095  0.00078532723   0.0046354366   0.0007841486   0.0046754851  0.00078636324
            770  0.00041525081  0.00019775376  0.00032256144  0.00016908123  0.00051515363   0.0002266463
            780   0.0037390972  0.00086594751   0.0036278576  0.00085734381   0.0038200028   0.0008717988
            790   0.0044751257  0.00082734351   0.0044607287  0.00082789757    0.004488133  0.00082673956
            800   0.0044751257  0.00082734351   0.0044607287  0.00082789757    0.004488133  0.00082673956
