# ptHiggs+top+t        central        num_err    min (scale)        num_err    max (scale)        num_err
# bar
              0      5.3595872   0.0074955455      5.2948717   0.0075454006      5.8931476    0.010165345
             10      6.1294404   0.0067890403      6.0137113   0.0069720902      6.2386964   0.0081644406
             20      5.1523749   0.0061911224      4.9950642   0.0072124862      5.2278095   0.0068977538
             30      4.2341005   0.0051739413      4.0713721    0.005189464      4.3099903   0.0057086121
             40      3.4854892   0.0046686701      3.3338216   0.0049429638      3.5621388   0.0050831921
             50      2.9049189   0.0041393953      2.7604585   0.0041931318      2.9819528   0.0044138629
             60      2.4424139   0.0038764126      2.3091802   0.0041387831      2.5180025   0.0039831197
             70      2.0787819   0.0034951209      1.9566749   0.0036397931      2.1542275   0.0036593095
             80      1.7790748   0.0031237519       1.666053   0.0031236543      1.8528473   0.0033018387
             90      1.5281278   0.0029781148      1.4247216   0.0029023969      1.5993681   0.0033124656
            100      1.3227876   0.0026372443      1.2277783    0.002727692      1.3917274   0.0028216173
            110      1.1487448    0.002441839      1.0579546   0.0023577561      1.2177491   0.0026299596
            120      1.0064504   0.0023456352     0.91893732   0.0022499865      1.0770773   0.0026747309
            130     0.87461524   0.0020672123     0.79174809    0.001965545      0.9465788    0.002280101
            140     0.76419711   0.0019050656     0.68369616   0.0018170557     0.83722711   0.0021218297
            150      0.6718657   0.0018128212      0.5965172   0.0016920195     0.74227324   0.0019929218
            160     0.59329663   0.0016564833     0.52195833   0.0015043653     0.66357468   0.0018665582
            170     0.52787125   0.0015493217     0.46070053   0.0014114007     0.59488456   0.0017583328
            180     0.46724583   0.0014385708     0.40462978   0.0013109632     0.53043951    0.001656605
            190     0.42008871   0.0013915299     0.36167569   0.0012614121     0.48002904   0.0016327341
            200     0.37581437   0.0012799978     0.32128545   0.0011333497     0.43245214   0.0014841759
            210     0.33675159   0.0012023927     0.28631884   0.0010486928     0.38963167   0.0014058015
            220     0.30734845    0.001143616     0.26018698   0.0010019667     0.35678655   0.0013447896
            230     0.27753597   0.0010809092      0.2341166  0.00093701048     0.32326939   0.0012746086
            240     0.25407329    0.001038073     0.21339121   0.0009021317     0.29717112   0.0012234867
            250     0.23166729  0.00097636803     0.19383473  0.00083189541     0.27229285    0.001162913
            260     0.21111069  0.00095259214     0.17636743  0.00083473699     0.24810388   0.0011295146
            270     0.19219609  0.00090005278     0.16000156  0.00078214267     0.22668177   0.0010587474
            280      0.1764367  0.00084490132     0.14640231  0.00070934886     0.20876007   0.0010144732
            290     0.16203332  0.00080973334     0.13441131  0.00067961218     0.19163656  0.00097373223
            300     0.14864481  0.00077490323     0.12327716  0.00066160157     0.17550862  0.00096498163
            310     0.13726423   0.0010310179     0.11308694   0.0006577079     0.16174844  0.00090939115
            320     0.12623381  0.00071402433     0.10437715  0.00059961546      0.1494993  0.00087953213
            330     0.11573107  0.00068317368    0.095495352  0.00057021691     0.13734735  0.00083298267
            340     0.10626077  0.00066042563     0.08745578  0.00061099482     0.12586582  0.00078798563
            350    0.099164521  0.00063202002    0.081636557   0.0005250971     0.11788187   0.0007666635
            360     0.09055143   0.0006038071    0.074518036  0.00050040258     0.10764587   0.0007347321
            370    0.083272219  0.00057883702     0.06854357  0.00048093699    0.098902176  0.00069867794
            380     0.07713022  0.00057536565    0.063513153  0.00049213038    0.091420273   0.0007092355
            390    0.072194126  0.00053806503    0.059420731  0.00044441224    0.085692615  0.00065209224
            400    0.066900923  0.00051903244    0.055197462  0.00045397457     0.07900558  0.00072071363
            410    0.061772665  0.00050300951    0.050811872  0.00042378193    0.073217594    0.000610116
            420    0.057637342  0.00048118875    0.047334545  0.00039679135    0.068536009  0.00058072422
            430    0.053894697  0.00046706319    0.044361823  0.00039150409    0.063735586  0.00058470911
            440    0.049179734  0.00044423541    0.040370312  0.00036561447    0.058434152  0.00053837347
            450    0.047042227  0.00043515533    0.038700748  0.00035950531      0.0556372  0.00052732528
            460    0.043891036  0.00042008849     0.03609315  0.00034694194    0.051982096  0.00050903856
            470    0.039482474  0.00039874382    0.032412356  0.00032815349    0.046818023  0.00048070145
            480    0.037515446  0.00038846874    0.030833348  0.00032125398    0.044410182  0.00047264226
            490    0.034935956  0.00038208635    0.028697584  0.00032108284    0.041530116  0.00047279307
            500    0.031396979   0.0003550719    0.025854073  0.00029722004    0.037014707  0.00045013479
            510    0.029500913  0.00034517865    0.024240059  0.00028460103    0.034861464  0.00041582767
            520    0.027916234  0.00033742235    0.022989453  0.00028457786    0.032956402  0.00040617383
            530    0.025862546  0.00032395764    0.021290163  0.00026606247    0.030461519  0.00039439183
            540    0.023860389  0.00031184961    0.019597859  0.00025699667    0.028194836  0.00037427489
            550    0.022807665  0.00030296648    0.018750272  0.00024970104    0.026907668   0.0003629719
            560    0.021043004  0.00029665586    0.017326359  0.00025016788    0.024727116  0.00035604712
            570    0.019801917  0.00028283724    0.016296074  0.00023297123    0.023290908  0.00033895781
            580    0.018051616  0.00027075284    0.014836363  0.00022252904    0.021266516  0.00032695126
            590    0.017467928  0.00026682684    0.014313272  0.00021964928     0.02067763  0.00031967216
            600    0.016330926  0.00025663352    0.013425868  0.00021107737    0.019214618  0.00030938945
            610    0.015152501  0.00024875059    0.012466703  0.00020519772    0.017821156  0.00030118583
            620    0.013657595  0.00023488801    0.011289095  0.00019689218    0.015901889  0.00030717884
            630    0.013266887  0.00023137304    0.010917701  0.00019074664     0.01555591  0.00028194214
            640    0.012119047  0.00022253072   0.0099695436  0.00018526486    0.014214515   0.0002668216
            650    0.011606349  0.00021683009   0.0095813691  0.00017963699    0.013530713  0.00026234168
            660     0.01024659   0.0002044179   0.0084265593  0.00016796858    0.012030314  0.00024537487
            670   0.0098558753  0.00020041714    0.008153544   0.0001672661    0.011429241  0.00024743657
            680   0.0095215888  0.00019594286   0.0078217677  0.00016204475    0.011166277  0.00023512411
            690    0.008599239  0.00018650361   0.0070591224  0.00015335992    0.010113734  0.00022560044
            700   0.0081237211  0.00018191139    0.006682443  0.00014951181    0.009519082  0.00021773416
            710   0.0075250578  0.00017577044   0.0062471891   0.0001469801   0.0086776362  0.00021927522
            720   0.0073978495   0.0001741329   0.0061460646   0.0001438784   0.0085159845  0.00021124488
            730   0.0066778567  0.00016544381   0.0054988699  0.00013544751   0.0078030408  0.00020475949
            740   0.0062432652   0.0001590545   0.0051634097  0.00013136473   0.0072359405  0.00018898365
            750   0.0059722661  0.00015660421   0.0049083446  0.00012825215   0.0069901139  0.00018929451
            760   0.0056040769  0.00015185123   0.0046392551  0.00012512782   0.0064863416  0.00018416384
            770    0.004988485  0.00014243305   0.0040930846  0.00011638966   0.0058616582   0.0001718142
            780   0.0048475048  0.00015308098   0.0039793174  0.00013131392   0.0056717893  0.00017585154
            790   0.0047182804  0.00013888708   0.0039821654   0.0001354614   0.0052581598  0.00023119303
            800   0.0039356987   0.0001426953   0.0032270539  0.00012597275   0.0046041728  0.00016140576
            810   0.0040623595  0.00012868197   0.0033533417  0.00010597487   0.0047134574  0.00015313759
            820   0.0038078821  0.00012458107   0.0031272311  0.00010216457   0.0044550844  0.00014931808
            830   0.0035797516   0.0001209662   0.0029615073  9.9612333e-05   0.0041345593  0.00015134987
            840   0.0032083731  0.00011481587   0.0026422301  9.4098527e-05   0.0037369742  0.00013780617
            850   0.0030569113  0.00011130707   0.0025270527  9.2179213e-05   0.0035298407  0.00013065323
            860   0.0029827806  0.00011029805   0.0024647814  9.1472459e-05   0.0034508988   0.0001314579
            870   0.0028318582  0.00010837676   0.0023401455  8.9331166e-05   0.0032742076  0.00012901443
            880   0.0026266303  0.00010374157   0.0021645566  8.5185558e-05   0.0030489591  0.00012387198
            890   0.0024152667  0.00010046917   0.0020165755  8.3260333e-05   0.0027361875  0.00012030102
            900   0.0021882147  9.5203384e-05   0.0018058026  7.8060099e-05    0.002527546  0.00011389442
            910   0.0020500672  9.1215934e-05   0.0017030281  7.6342664e-05   0.0023431281   0.0001090218
            920   0.0021382442  9.3309598e-05   0.0017686139  7.7168165e-05   0.0024676726  0.00011146319
            930   0.0019198825  8.8385076e-05   0.0015868229  7.3521114e-05   0.0022145855  0.00010622753
            940   0.0018963772  8.8704899e-05   0.0015718958   7.298323e-05   0.0021737033  0.00010801813
            950   0.0017463022  8.6097415e-05   0.0014504858  7.1153299e-05   0.0019943584  0.00010480077
            960   0.0015174126  0.00010510578   0.0012591331  9.7846673e-05   0.0017187885  0.00011099228
            970   0.0014066815  7.5717037e-05   0.0011852875  6.3588089e-05   0.0015618216   9.578224e-05
            980   0.0013174428  7.3721281e-05   0.0010976413  6.1093223e-05   0.0014984342  8.7261996e-05
            990   0.0013861644  7.5580963e-05   0.0011643692  6.3666438e-05   0.0015478093  8.9493545e-05
           1000   0.0013861644  7.5580963e-05   0.0011643692  6.3666438e-05   0.0015478093  8.9493545e-05
