# ptHiggs+top+t        central        num_err    min (scale)        num_err    max (scale)        num_err
# bar
              0      3.5607012   0.0033274527      3.3339569   0.0031177897      4.0231701   0.0037660304
             10       4.793301   0.0037569161       4.499662   0.0035153446      5.4499687   0.0043133816
             20      4.0873629   0.0034766636      3.8416885   0.0032650471      4.6583348   0.0039848812
             30      3.3265329   0.0031637723      3.1281668   0.0029725774      3.7953459   0.0036305351
             40      2.7218845   0.0028844792      2.5602857   0.0027098926      3.1073779   0.0033166826
             50      2.2437252   0.0026358093      2.1109472   0.0024756508      2.5625072   0.0030376909
             60      1.8700309   0.0024157052      1.7588644   0.0022716679      2.1372796   0.0027812563
             70      1.5783457   0.0022285405       1.484437   0.0020921938      1.8046314    0.002566888
             80      1.3486105   0.0020649176      1.2680758   0.0019390052      1.5426489   0.0023766547
             90       1.164333   0.0019247945      1.0944509   0.0018104743       1.332437   0.0022177746
            100      1.0107691   0.0017969503     0.94991181   0.0016867888      1.1571904   0.0020745223
            110     0.88109885   0.0016803653     0.82784788   0.0015781974      1.0090668   0.0019387658
            120     0.77742594   0.0015805813     0.73026526   0.0014825578     0.89064151   0.0018252074
            130     0.69112974   0.0014920287     0.64895207    0.001398511     0.79209338   0.0017214494
            140     0.61650221   0.0014101011     0.57876069   0.0013217037      0.7067745   0.0016268358
            150      0.5491198   0.0013324804     0.51544225   0.0012484501     0.62955797   0.0015380722
            160     0.49250775   0.0012630652     0.46210364   0.0011836736     0.56476167   0.0014571595
            170     0.44688344   0.0012038539     0.41939168   0.0011280283     0.51245368   0.0013884057
            180     0.40300577   0.0011448902     0.37799212   0.0010717168     0.46238946   0.0013227756
            190     0.36525392   0.0010903458      0.3425887   0.0010213547     0.41907547   0.0012603356
            200     0.33291483   0.0010432811     0.31219035  0.00097577541     0.38202607   0.0012066871
            210     0.30170218  0.00099201232     0.28277106   0.0009282738     0.34639343   0.0011455307
            220     0.27493187  0.00094771565     0.25779917  0.00088765949     0.31550817   0.0010940768
            230      0.2527444   0.0009091811     0.23685667  0.00085095027     0.29010801   0.0010495136
            240     0.23011742  0.00086831673     0.21578448  0.00081241203     0.26405004   0.0010044431
            250     0.21214458  0.00083369112     0.19885012   0.0007806907     0.24355757  0.00096650278
            260      0.1943711  0.00080895404     0.18262601  0.00077928691     0.22263077   0.0010694469
            270     0.17908978  0.00076718551     0.16777124  0.00071714413     0.20567186  0.00088944843
            280     0.16606597  0.00073878662     0.15566773   0.0006910807     0.19062432  0.00085349043
            290      0.1517085  0.00070581556     0.14206253  0.00065993042     0.17426334  0.00081619826
            300     0.13998355  0.00067915468     0.13126679  0.00064229116     0.16061117  0.00081002529
            310     0.12977335  0.00065301576     0.12152443   0.0006111716     0.14909256  0.00075538515
            320     0.11985991  0.00062903918     0.11224424  0.00058752185     0.13769817   0.0007324571
            330     0.11094587  0.00060433778     0.10392307  0.00056532198     0.12747748  0.00069936535
            340     0.10264031  0.00058128025    0.096112116  0.00054346884     0.11792157  0.00067231455
            350    0.095333335  0.00056056603    0.089231481  0.00052351851     0.10958061  0.00064902286
            360    0.087561791  0.00053670476    0.081941219  0.00050174101      0.1006689  0.00062034803
            370    0.081705524  0.00051852205    0.076526527  0.00048544203    0.093856845  0.00059915634
            380    0.075868593  0.00050161127    0.071081468    0.000472396    0.087069947  0.00058199713
            390    0.069905967  0.00048071301    0.065439228   0.0004488925    0.080324603  0.00055702895
            400    0.064998224  0.00046531945    0.060855567  0.00043295605    0.074667717  0.00054584128
            410    0.060534784  0.00044703718    0.056631229  0.00041747507    0.069585177  0.00051760753
            420    0.056911208  0.00043332851    0.053281819  0.00040509339    0.065382053  0.00050100872
            430    0.052100967  0.00041441183    0.048773662  0.00038771775     0.05984523  0.00047874536
            440    0.048468053  0.00040049318    0.045342272  0.00037394631    0.055693626  0.00046460743
            450    0.045876145  0.00038938649    0.042967039  0.00036404024    0.052683143  0.00045270621
            460    0.042385543  0.00037459187     0.03964813  0.00034964646    0.048718779  0.00043334546
            470    0.039514038  0.00036125843    0.036982548  0.00033801422    0.045411133   0.0004187971
            480     0.03664333  0.00034808108    0.034253056  0.00032509629    0.042139397  0.00040269427
            490    0.034000592  0.00033507996    0.031764242  0.00031266585    0.039151709   0.0003875618
            500    0.032170548  0.00032635146    0.030102884  0.00030475984    0.037003405  0.00037792071
            510    0.029689358  0.00031326742     0.02775646  0.00029222299    0.034162837  0.00036308876
            520     0.02731174  0.00030020076    0.025533822  0.00028035666     0.03142909  0.00034710107
            530     0.02596933  0.00029292614    0.024262285  0.00027335755    0.029879848  0.00033891702
            540    0.023994582  0.00033798008    0.022603004  0.00026415931    0.027408435  0.00052251306
            550    0.022390414  0.00027214175    0.020913946  0.00025387567     0.02576847  0.00031496722
            560    0.021361771  0.00026547495    0.019978565  0.00024825773    0.024552089  0.00030673648
            570    0.019465285  0.00025385829     0.01821365  0.00023706508    0.022376724   0.0002935728
            580    0.018706256  0.00024877135    0.017501956  0.00023246226    0.021493209  0.00028741407
            590    0.017345539  0.00023983847    0.016237082  0.00022436764    0.019913732  0.00027756706
            600    0.016529751  0.00023359379    0.015448528  0.00021852292    0.019016594  0.00027062757
            610    0.015201596  0.00022445244    0.014210966  0.00020970945    0.017471797  0.00025893061
            620    0.013794873   0.0002135032    0.012929948  0.00019954199    0.015837829   0.0002474276
            630    0.013452008  0.00021062404    0.012567637  0.00019833424    0.015466398  0.00024801814
            640    0.012373429  0.00020226989    0.011580437  0.00018918473    0.014201607  0.00023371643
            650    0.011804428  0.00019757486    0.011029845  0.00018449061    0.013572085  0.00022834364
            660    0.010905877  0.00019019195    0.010188196  0.00017722445    0.012541265  0.00022023012
            670    0.010041706  0.00018268742   0.0093912468  0.00017041087    0.011569482  0.00021186066
            680    0.009478092  0.00017711795   0.0088542071  0.00016511607    0.010909092   0.0002054475
            690   0.0087175828  0.00016985091   0.0081487756   0.0001585712    0.010016452  0.00019738801
            700   0.0085456873  0.00016819235   0.0079980236  0.00015722627   0.0098109464   0.0001941918
            710   0.0080304884  0.00016281784   0.0075013824  0.00015169165    0.009236353  0.00018866919
            720   0.0072472906  0.00015526113   0.0067826914  0.00014471173   0.0083137396  0.00018133803
            730   0.0070502104  0.00015272126   0.0066109069  0.00014289146   0.0080871226  0.00017920184
            740    0.006476776  0.00014652157   0.0060477982  0.00013645572   0.0074583579  0.00016998799
            750   0.0061926599  0.00014305647   0.0057890752  0.00013326595   0.0071253724  0.00016669711
            760   0.0055886625  0.00013592633   0.0052177084  0.00012666474   0.0064303861  0.00015752545
            770   0.0056259392  0.00013679716   0.0052557304  0.00012723078   0.0064635654  0.00015896971
            780   0.0053287777  0.00013244558      0.0049793  0.00012370161   0.0061324946  0.00015300457
            790   0.0047800093  0.00012598283   0.0044862044  0.00011725359   0.0054733554  0.00014767611
            800   0.0045158144  0.00012208889   0.0042356995  0.00011419935   0.0051755938  0.00014132211
            810   0.0041979135  0.00011814906   0.0039232819  0.00011012564    0.004813437  0.00013641184
            820   0.0041706419  0.00012050302   0.0038949411  0.00011030962    0.004797534   0.0001422931
            830   0.0037427826  0.00013165784   0.0036611473  0.00014811377   0.0041146884  0.00031138691
            840   0.0035303254  0.00010774823    0.003301241   0.0001007423    0.004061686  0.00012441064
            850   0.0033778601  0.00010593701   0.0031525732  9.8452197e-05   0.0038826724  0.00012347597
            860    0.003240091  0.00010358828   0.0030289786  9.6592428e-05   0.0037208484    0.000119852
            870   0.0028951253  9.7858889e-05   0.0027051361  9.1516485e-05   0.0033299556  0.00011369857
            880   0.0028776689   9.722117e-05   0.0026831632  9.0488302e-05   0.0033179201  0.00011270733
            890    0.002451804  8.9745098e-05   0.0022916183  8.3761946e-05   0.0028106756   0.0001035078
            900     0.00251309   9.110373e-05    0.002343901  8.4711813e-05   0.0028942468  0.00010564654
            910   0.0022689238  8.6605259e-05   0.0021358411  8.1342348e-05   0.0025909416  9.9783521e-05
            920   0.0021938799  8.5087264e-05   0.0020620813  7.9736071e-05   0.0025066234  9.8319125e-05
            930   0.0021221961  8.3937668e-05   0.0019779928  7.8097431e-05   0.0024423438   9.708085e-05
            940   0.0018684926  7.9098479e-05   0.0017474837  7.3611032e-05    0.002149936  9.1833917e-05
            950   0.0018600489  7.8118968e-05   0.0017419592  7.3191781e-05   0.0021337684  8.9855345e-05
            960   0.0016460058   7.409925e-05   0.0015347155  6.8517566e-05   0.0019000708  8.6852493e-05
            970   0.0015087877  7.0680045e-05   0.0014038818  6.5706584e-05    0.001746886  8.2161948e-05
            980   0.0015820944   7.191419e-05   0.0014772521  6.7105518e-05   0.0018230558  8.3281312e-05
            990   0.0014607036  6.9901909e-05   0.0013631679  6.4880646e-05   0.0016808156  8.1234436e-05
           1000   0.0014607036  6.9901909e-05   0.0013631679  6.4880646e-05   0.0016808156  8.1234436e-05
