# massHiggs+top        central        num_err    min (scale)        num_err    max (scale)        num_err
# +tbar
              0              0              0              0              0              0              0
              5              0              0              0              0              0              0
             10              0              0              0              0              0              0
             15              0              0              0              0              0              0
             20              0              0              0              0              0              0
             25              0              0              0              0              0              0
             30              0              0              0              0              0              0
             35              0              0              0              0              0              0
             40              0              0              0              0              0              0
             45              0              0              0              0              0              0
             50              0              0              0              0              0              0
             55              0              0              0              0              0              0
             60              0              0              0              0              0              0
             65              0              0              0              0              0              0
             70              0              0              0              0              0              0
             75              0              0              0              0              0              0
             80              0              0              0              0              0              0
             85              0              0              0              0              0              0
             90              0              0              0              0              0              0
             95              0              0              0              0              0              0
            100              0              0              0              0              0              0
            105              0              0              0              0              0              0
            110              0              0              0              0              0              0
            115              0              0              0              0              0              0
            120              0              0              0              0              0              0
            125              0              0              0              0              0              0
            130              0              0              0              0              0              0
            135              0              0              0              0              0              0
            140              0              0              0              0              0              0
            145              0              0              0              0              0              0
            150              0              0              0              0              0              0
            155              0              0              0              0              0              0
            160              0              0              0              0              0              0
            165              0              0              0              0              0              0
            170              0              0              0              0              0              0
            175              0              0              0              0              0              0
            180              0              0              0              0              0              0
            185              0              0              0              0              0              0
            190              0              0              0              0              0              0
            195              0              0              0              0              0              0
            200              0              0              0              0              0              0
            205              0              0              0              0              0              0
            210              0              0              0              0              0              0
            215              0              0              0              0              0              0
            220              0              0              0              0              0              0
            225              0              0              0              0              0              0
            230              0              0              0              0              0              0
            235              0              0              0              0              0              0
            240              0              0              0              0              0              0
            245              0              0              0              0              0              0
            250              0              0              0              0              0              0
            255              0              0              0              0              0              0
            260              0              0              0              0              0              0
            265              0              0              0              0              0              0
            270              0              0              0              0              0              0
            275              0              0              0              0              0              0
            280              0              0              0              0              0              0
            285              0              0              0              0              0              0
            290              0              0              0              0              0              0
            295              0              0              0              0              0              0
            300              0              0              0              0              0              0
            305              0              0              0              0              0              0
            310              0              0              0              0              0              0
            315              0              0              0              0              0              0
            320              0              0              0              0              0              0
            325              0              0              0              0              0              0
            330              0              0              0              0              0              0
            335              0              0              0              0              0              0
            340              0              0              0              0              0              0
            345              0              0              0              0              0              0
            350              0              0              0              0              0              0
            355              0              0              0              0              0              0
            360              0              0              0              0              0              0
            365              0              0              0              0              0              0
            370              0              0              0              0              0              0
            375              0              0              0              0              0              0
            380              0              0              0              0              0              0
            385              0              0              0              0              0              0
            390              0              0              0              0              0              0
            395              0              0              0              0              0              0
            400              0              0              0              0              0              0
            405              0              0              0              0              0              0
            410              0              0              0              0              0              0
            415              0              0              0              0              0              0
            420              0              0              0              0              0              0
            425              0              0              0              0              0              0
            430              0              0              0              0              0              0
            435              0              0              0              0              0              0
            440              0              0              0              0              0              0
            445              0              0              0              0              0              0
            450              0              0              0              0              0              0
            455              0              0              0              0              0              0
            460              0              0              0              0              0              0
            465              0              0              0              0              0              0
            470   0.0056498371   0.0024345961   0.0042486896   0.0016830405   0.0078253895   0.0037315265
            475    0.029991536   0.0037860806     0.02550137   0.0030748633    0.036664493   0.0051341012
            480    0.094619475   0.0060818573    0.085745601   0.0052028162     0.10325106   0.0080395764
            485      0.1663949   0.0080584048     0.15280648   0.0077761395     0.18355545   0.0096043771
            490     0.23758653     0.01030487     0.21942766   0.0094160344     0.26682498    0.014941815
            495     0.32466633    0.011757378     0.29964827    0.010442843     0.34981169    0.015103598
            500     0.40657158     0.01145786     0.37703446    0.010246482     0.43545632    0.014872653
            505     0.53323744    0.015813775     0.48762901    0.013103042     0.59956845    0.022574173
            510     0.59299635     0.01414043      0.5522221    0.013006624     0.63008302    0.019627994
            515      0.6407352    0.028132005     0.58300054     0.13727031     0.76515377    0.043940151
            520     0.81721967    0.022858641     0.77262984    0.027445505     0.83143836    0.027364834
            525     0.87876008    0.016388553     0.80921608    0.014719418     0.94818003    0.027449214
            530     0.89941837    0.017086962     0.84160228    0.015616192     0.92695296     0.04963995
            535     0.97881728    0.017691739     0.91239011    0.016465348      1.0585571    0.025537242
            540      1.0324783    0.018185465     0.96760934    0.016883758      1.1141409    0.028081339
            545      1.0881495     0.02007469        1.01928     0.01864405      1.1764783    0.045248313
            550      1.1488444    0.019665959       1.068823    0.018176672      1.1914601    0.057310831
            555      1.1886598    0.019241691      1.1111701    0.017802616       1.244707    0.039183805
            560      1.1940671    0.019344666      1.1170539    0.017756914       1.340868    0.040519304
            565      1.2548173    0.020055195      1.1735732    0.018865153      1.3315546    0.034247556
            570      1.2476187    0.019869937      1.1812702    0.018213182      1.3164501     0.03198098
            575      1.2910856     0.02127588      1.2188367    0.022385125      1.4326665     0.12506686
            580      1.2644107    0.020053085      1.1842533    0.019499953      1.3278662    0.036886048
            585      1.3217058    0.020727206      1.2429558    0.019953064      1.3901646    0.050721338
            590       1.347715    0.020841915       1.263715    0.019727982      1.5369508    0.066352871
            595      1.3051072    0.020220737      1.2195817    0.018715243      1.3377371     0.12783438
            600      1.3308254    0.020551858      1.2537839    0.019383409      1.5009132    0.067901033
            605      1.3530621    0.020600286      1.2603843    0.019293335      1.4534526    0.025773322
            610      1.3311615    0.020688341      1.2526773    0.019173797      1.4077442     0.02628684
            615       1.331705    0.020435663      1.2480797      0.0187593      1.4143254    0.025950339
            620      1.3198251     0.02030997      1.2374012    0.018615602      1.4043543    0.025952276
            625      1.3172606    0.023289025      1.2355249    0.020700043      1.4098232    0.030512213
            630      1.2696809    0.020709617      1.1715269    0.029298974      1.3332908    0.025099108
            635      1.2217031    0.019723361      1.1421178    0.017667231      1.3000063     0.02563368
            640      1.2070777    0.019926774       1.144377    0.019361045      1.2607256    0.024980584
            645      1.2201685    0.020070044      1.1505972    0.019230736      1.2789417    0.024818306
            650      1.2302859    0.019620969      1.1568748    0.018464846      1.3034966    0.024566045
            655      1.2046695    0.019837029      1.1414221    0.019208556      1.2657335    0.024479093
            660      1.1766876    0.019166764      1.1063141    0.017651939      1.2423775    0.024095422
            665      1.2012936    0.024238732      1.1569008    0.042870317      1.2481656    0.024188143
            670      1.1739039    0.019394554      1.1126055    0.018955001      1.2387289    0.024000792
            675      1.1752912    0.026380127      1.1025767    0.031782376      1.2287332    0.023480541
            680      1.1033886    0.029748264      1.0394381     0.03176487      1.1731536    0.027355085
            685      1.1086917    0.018928502      1.0484559     0.01778457      1.1624164    0.023695433
            690      1.0948424    0.026062077      1.0204757    0.020422107      1.1724873    0.038591096
            695      1.0696304    0.018747521       1.004907    0.016747629      1.1471167    0.022750274
            700      1.0204631     0.01805733     0.96347296    0.016702986      1.0684476    0.022492105
            705      1.0468218    0.048208766     0.99547975    0.062224006      1.0861642    0.032061771
            710      1.0507235    0.066444858     0.97415188    0.044611042      1.1405629     0.10613292
            715     0.98019145    0.017488566     0.92302484    0.016336564      1.0325408    0.021868968
            720     0.95733164    0.017329803     0.90172419     0.01598526      1.0081845    0.021806678
            725     0.92135798    0.017134825     0.86898615    0.015953094     0.97022398    0.021396917
            730     0.93208126    0.017665952      0.8859319    0.017144752     0.96999457    0.021365243
            735      0.9080955    0.016996155      0.8544887    0.016032327     0.96359637    0.021058176
            740     0.91042355    0.017349147     0.86267586    0.017126923     0.95307558     0.02104652
            745     0.88548708    0.016738043     0.83009457     0.01544048      0.9361943    0.020856439
            750     0.87230937    0.016544791     0.82155329    0.015389371     0.92050663    0.021257304
            755     0.82223128    0.027425797     0.78304262     0.03502834     0.84234083    0.019968112
            760     0.82416626     0.01601929     0.77215087    0.014452258     0.87498411    0.020316516
            765     0.79457009    0.016019526     0.75319334    0.014821941     0.82998194    0.019964578
            770     0.80612351    0.016235271      0.7617578    0.015356355     0.84647925    0.019957635
            775      0.7451364     0.01551659     0.70957995    0.014850724     0.77005816    0.019288772
            780     0.74721208    0.015444744     0.70478485    0.014400564     0.78622397    0.019304077
            785     0.74160513    0.015566936     0.70055392    0.014713848     0.77577207    0.019020502
            790      0.7227678    0.015398601     0.68397406    0.014603389     0.75426456    0.018018359
            795     0.70927377    0.015051804     0.67626864    0.014070633     0.73519009    0.018915267
            800     0.66408897    0.015003394      0.6290657    0.014216914     0.69355778    0.018599974
            805     0.66841595    0.014740666     0.63601994    0.014127097      0.6919013    0.018069967
            810      0.6537711    0.014111819     0.60948067    0.012727517     0.70301708    0.017736512
            815     0.63030228    0.014022147     0.59192801    0.012655557     0.66502363    0.017606943
            820     0.63075191    0.013990613     0.59324064    0.012936289     0.66391531    0.017522737
            825     0.60654375    0.013672371     0.56641924     0.01238033     0.64870167    0.017392223
            830     0.57092933    0.013557325     0.53924251    0.012539816     0.59887882    0.016804134
            835     0.56464007    0.016278438     0.52736238    0.014998422      0.5817145    0.016906725
            840     0.52596853    0.012773191     0.49369702    0.011516594     0.55651622    0.016157219
            845     0.54802932    0.012862637     0.50984709    0.011639002     0.58801077    0.016289891
            850     0.53871485    0.013459425     0.51191146    0.012872962     0.55613435    0.015411284
            855      0.5339937    0.012970231     0.50267342    0.011974047     0.56280779    0.016084906
            860     0.54955884    0.013317182      0.5165524     0.01272946     0.58105073    0.016112516
            865     0.54947028    0.013110757      0.5120699    0.012515931     0.58951536     0.01625631
            870     0.50601114    0.012809479     0.47608184    0.012353857     0.53378636    0.015510036
            875     0.48829645    0.012301035     0.45735121    0.011229661     0.51842627    0.015603025
            880     0.45813801    0.011957325     0.42869398    0.010878461     0.48745677    0.015008762
            885     0.49787046    0.013561603     0.46948875    0.015284694     0.52002625    0.014641758
            890     0.43352426    0.012249729     0.41080616    0.013380861      0.4557838    0.014606059
            895     0.43066475    0.011596375     0.40315276    0.010579198     0.45910864    0.014600776
            900     0.44528365    0.011912578     0.41777092    0.011197149     0.47074988    0.014578368
            905     0.41933114    0.011517189     0.39552466    0.010666871     0.43821421    0.014247418
            910     0.40121735    0.011934913     0.38031324    0.012043882     0.41665244    0.013453305
            915     0.41029569    0.017044199      0.3919695    0.022692535     0.42273535    0.013518687
            920      0.3887583    0.011073587     0.36576754    0.010141563     0.40831645    0.013978859
            925     0.39261922    0.011280744      0.3663355    0.010614672     0.41721982    0.013728609
            930      0.3848556     0.01086674     0.35960577   0.0099055163     0.40906057    0.013730019
            935     0.37250666    0.011733649     0.35267768    0.012357007     0.39017029    0.013524912
            940     0.37963199    0.011506898     0.35676424     0.01183931     0.40078041    0.013307542
            945     0.33667872     0.01072595     0.31977499    0.010899034     0.35162205    0.012906013
            950     0.35533117    0.010569276     0.32976372   0.0096993974     0.38168217     0.01305927
            955     0.31996928    0.010410548      0.3031227     0.01021349     0.33155612    0.012665619
            960     0.32256384    0.010752401     0.30356321    0.010800236     0.33889067    0.012596728
            965     0.30017837   0.0099123442     0.28565554   0.0091316543     0.31247718      0.0123878
            970     0.34302349    0.018278031     0.33173666    0.025245916     0.34852016    0.013018158
            975     0.31626811     0.01020279     0.29668453   0.0096968871     0.33472788    0.012217277
            980     0.28915776   0.0095906639     0.27284775   0.0087725902     0.30311615    0.012157413
            985     0.29212252    0.010035308      0.2775653   0.0097676262     0.30419924    0.011977329
            990     0.26548461    0.009341652     0.24962118   0.0085943613     0.27912275    0.011531799
            995     0.29455515   0.0095681457     0.27576744    0.008817277     0.31227245    0.011942512
           1000     0.29455515   0.0095681457     0.27576744    0.008817277     0.31227245    0.011942512
