#       ptHiggs        central        num_err    min (scale)        num_err    max (scale)        num_err
              0      0.3902395    0.008080031     0.37157464   0.0077119726     0.40528851    0.010112237
             10      1.1360213    0.013476352      1.0735986    0.012528637       1.193706    0.017432043
             20      1.7964983    0.016859614      1.6971589    0.015452763      1.8948176    0.022695911
             30      2.4005473    0.019675164      2.2596952    0.018077453      2.5422264    0.026532461
             40      2.7620585    0.021810339      2.6012417    0.022045793      2.9151169    0.028587882
             50      2.9653826     0.02181607      2.7897909    0.020487817      3.1970164    0.045795973
             60      3.0743586    0.024862646      2.8876489    0.021039018      3.2640798     0.03450422
             70      3.1100771    0.024859676      2.9377984    0.023740745      3.2713242    0.036673025
             80       3.022946    0.025275648      2.8590369    0.022151273      3.2443306    0.075974531
             90      2.8558155    0.021929111      2.6662475    0.023110054      3.0065605    0.045429907
            100      2.6376725    0.020905227      2.4865498    0.020111997      2.7795308     0.02996202
            110      2.3938153     0.02223391      2.2583115    0.025597422       2.521781    0.031759259
            120       2.203753    0.018481584      2.0614179    0.017130026      2.3135943    0.063340698
            130      1.9717026    0.017572131      1.8468531    0.016309372       2.098341    0.026538404
            140      1.7871235    0.037773932      1.6754834    0.031090621      1.9053926    0.056594962
            150      1.5340428    0.015999611      1.4384841    0.015537506      1.6445546      0.0227433
            160      1.3987727    0.026974446       1.321371    0.033363252      1.4692232    0.020933763
            170      1.2238175    0.016936595      1.1582116    0.023815611      1.2923916    0.019291638
            180      1.0651389    0.012885221     0.98850264    0.011736891      1.1452706    0.016368157
            190     0.90915947    0.011927028     0.84535265    0.010929393     0.97323538    0.014779617
            200      0.8168059    0.012280774     0.75099245    0.011546776      0.9051653    0.032557803
            210     0.70501306     0.01072716     0.65562084      0.0100061     0.75212895    0.013151677
            220     0.64258439    0.010437323     0.59999833    0.010167788     0.68239742    0.012355056
            230     0.55418717    0.010049673     0.51693805    0.010010836     0.58843255    0.011457388
            240     0.46945973   0.0086408958       0.434189   0.0079103837     0.50620675    0.010735345
            250     0.41965012   0.0083132111      0.3941386   0.0079401904     0.44154648    0.010065139
            260     0.38501881   0.0080489434     0.35953106   0.0083367002     0.40652076    0.009121066
            270     0.32650819   0.0072259433     0.30297982   0.0066481328     0.34976146   0.0089485974
            280     0.29790287   0.0068749593     0.27467221    0.006409147     0.32223674   0.0084354505
            290     0.26988423   0.0075627293     0.25602854   0.0080138056      0.2778884   0.0079484893
            300     0.23548399   0.0068023096     0.22002304   0.0068091266     0.24967831    0.007707629
            310     0.21140146   0.0058730404     0.19565347   0.0055352312     0.22596038   0.0069759037
            320     0.18480658   0.0055409247     0.16996607   0.0053113021     0.20261013   0.0067386412
            330     0.16138786    0.005184055     0.14930467   0.0049717905     0.17427194   0.0061583037
            340     0.14370377   0.0047844423     0.13189839   0.0044213761     0.15596829   0.0058026023
            350     0.11981485   0.0043759665     0.11055871   0.0039839353     0.12992686   0.0055020494
            360     0.11120942   0.0040986761      0.1010986   0.0036293192     0.12155919   0.0051385304
            370      0.1039969   0.0040339442    0.095887121   0.0035913686     0.11197723   0.0050544086
            380    0.096530078    0.004028049    0.089361206   0.0039870534     0.10375259   0.0046988978
            390    0.081844802   0.0035785082    0.075684391   0.0032575985     0.08949988   0.0043679841
            400      0.0722329   0.0033471547    0.066370295   0.0029653938    0.078006243   0.0041381365
            410    0.067115249   0.0033347346    0.062555937   0.0030738633    0.070809488    0.004048131
            420    0.054654499   0.0027985311    0.048844129   0.0024336027    0.062043066   0.0036027809
            430    0.051917788   0.0032966909    0.049309153   0.0034009254    0.053046807   0.0034755891
            440    0.042534045   0.0027415925     0.03981149   0.0026334294    0.044335571   0.0033056955
            450      0.0419175   0.0033937829    0.038433278   0.0032404603    0.045388259   0.0038044586
            460    0.036289093   0.0023804131    0.033436676   0.0021759032    0.039084298   0.0029579914
            470    0.038594494   0.0024591227     0.03634967   0.0023740305    0.040299144     0.00318286
            480    0.033568282   0.0023144311    0.030115995    0.002140644    0.037455128   0.0027527832
            490    0.028259171   0.0021798638     0.02645148   0.0021419548    0.029930641   0.0026024208
            500    0.027500135    0.001996559    0.025239368   0.0017756069    0.029977796   0.0025627553
            510    0.022440763   0.0018806447    0.020748256   0.0016687683    0.023889541   0.0023420408
            520    0.017494462   0.0018105006    0.016332253   0.0016584842    0.017927795   0.0020732255
            530    0.020043089   0.0018320688     0.01828029   0.0016764626     0.02167937   0.0021552543
            540    0.017293158   0.0016109538    0.015674394   0.0014212245    0.018969526   0.0020435392
            550    0.017005042   0.0017610435    0.016072978   0.0019553887    0.017563202    0.001993524
            560     0.01501291   0.0016580669    0.014180293   0.0015286142    0.015084059   0.0019121409
            570    0.010402383   0.0014256026   0.0099586997   0.0012753996    0.010464303   0.0014943296
            580    0.013484619   0.0014814678    0.012642799   0.0013698068     0.01406566   0.0016711599
            590    0.010144638   0.0014254137   0.0093889837   0.0014238282    0.010772478   0.0015706096
            600   0.0089432996   0.0012439773   0.0086058208   0.0010642921   0.0090118208   0.0013230492
            610   0.0095974998   0.0011580286   0.0085093485   0.0010201336    0.010919588   0.0014076734
            620   0.0076841514   0.0010832542   0.0070884558  0.00093264727   0.0081467985   0.0014134136
            630   0.0079083591   0.0012178256   0.0073011949   0.0011233089    0.008552889   0.0014667845
            640   0.0083324125   0.0011036936   0.0073966212  0.00095962707   0.0095265128   0.0013985933
            650   0.0059929203   0.0010816261   0.0057614202   0.0012807068   0.0060313866   0.0010563541
            660   0.0048973821  0.00085682858    0.004333662  0.00074367684   0.0055879201   0.0010771224
            670   0.0047753761   0.0008924815   0.0043727857  0.00079162575   0.0051643572   0.0011045471
            680   0.0055688211  0.00092996636   0.0050082071  0.00081747347   0.0060129879   0.0011418717
            690   0.0032573702  0.00074994964   0.0030265307  0.00063379541   0.0033423853  0.00089205458
            700   0.0035825543  0.00071890213   0.0032943892  0.00065408663   0.0038577182  0.00085366546
            710   0.0047084639  0.00083177651   0.0041663221  0.00075663755    0.005426351  0.00097893168
            720   0.0035940511  0.00071119604    0.003264106  0.00060061683   0.0039619897   0.0009703334
            730   0.0022979844  0.00061575641   0.0020848845  0.00050802806    0.002479161  0.00082336993
            740     0.00410159  0.00078612019   0.0037443805  0.00073727023   0.0045946209   0.0009681687
            750   0.0026860545  0.00061363408   0.0023212847   0.0005162196   0.0033138757   0.0008184565
            760   0.0028059302  0.00099378166   0.0026088206  0.00084202785   0.0029907898   0.0012624134
            770   0.0028102714  0.00064919059    0.002535127  0.00055726995   0.0031952887  0.00083970842
            780   0.0025633264  0.00064294993   0.0023454271  0.00058739904   0.0027691716  0.00075466118
            790   0.0015692423  0.00048362891   0.0014336649  0.00039611024   0.0016655595  0.00066154772
            800   0.0015692423  0.00048362891   0.0014336649  0.00039611024   0.0016655595  0.00066154772
