# ptHfine-aafid        central        num_err    min (scale)        num_err    max (scale)        num_err
# R3
              0   1.018772e-05  1.3275916e-05  8.7887041e-06  1.2828233e-05   1.130069e-05  1.3568548e-05
              1  9.7921813e-05  1.5575211e-05  9.7111123e-05  1.5572016e-05  9.8493528e-05  1.5556155e-05
              2  0.00015583481  1.7448997e-05  0.00015540101  1.7450908e-05  0.00015588485  1.7477942e-05
              3   0.0002155658  2.0027846e-05  0.00021304432  1.9999536e-05  0.00021637792  2.0097231e-05
              4  0.00035981731  2.4930803e-05  0.00035831148  2.4850578e-05  0.00036151407  2.5025867e-05
              5  0.00039736855  2.6700395e-05  0.00039554492  2.6596145e-05  0.00039913006  2.6797054e-05
              6  0.00047563553  2.9191493e-05  0.00047202866  2.9260108e-05  0.00047774317  2.9286148e-05
              7  0.00065969651  3.4100461e-05  0.00065376711  3.4075163e-05  0.00066295934  3.4231156e-05
              8  0.00073878067  3.6311036e-05  0.00073000141  3.6447597e-05   0.0007437508  3.6701447e-05
              9  0.00073801842  3.6307514e-05  0.00073372711  3.6571495e-05  0.00074161886   3.643959e-05
             10  0.00088663907  3.9237963e-05  0.00088124834  3.9068989e-05  0.00089124496  3.9383105e-05
             11   0.0010841451   4.241357e-05   0.0010783691  4.2232558e-05    0.001089387  4.2578372e-05
             12   0.0011248295  4.3737743e-05   0.0011184194  4.3547924e-05   0.0011305943  4.3909722e-05
             13   0.0012237123  4.6154787e-05   0.0012150675  4.6078489e-05   0.0012399093  4.6788992e-05
             14   0.0013833291  4.9397307e-05   0.0013754421  4.9187232e-05   0.0013907593   4.961312e-05
             15   0.0014427557  5.0483562e-05   0.0014342947  5.0260783e-05   0.0014505957  5.0686832e-05
             16    0.001532588   5.299146e-05   0.0015235149  5.2755439e-05   0.0015401071  5.3189742e-05
             17   0.0016052153  5.3153505e-05   0.0015938328  5.3071728e-05   0.0016154824  5.3636737e-05
             18   0.0017754466  5.6411257e-05   0.0017666155  5.5916261e-05   0.0017950348  5.6880243e-05
             19   0.0017661125  5.5517372e-05   0.0017611027  5.5790036e-05   0.0017789334  5.6352122e-05
             20    0.001776619  5.6005815e-05   0.0017678866  5.5956587e-05   0.0017902897  5.6615848e-05
             21   0.0019698382  5.8644159e-05   0.0019604026  5.8503381e-05   0.0019868541  5.9031163e-05
             22   0.0020898592  6.0140034e-05   0.0020761116  5.9844713e-05   0.0021052147  6.0499651e-05
             23   0.0021733836  6.2354587e-05   0.0021594538  6.2050506e-05      0.0021924  6.2804603e-05
             24   0.0021208471  6.0564945e-05   0.0021076855  6.0289624e-05   0.0021366213  6.0911556e-05
             25   0.0023516289   6.459001e-05   0.0023370733  6.4296698e-05   0.0023723674  6.5061121e-05
             26    0.002390281  6.5125804e-05   0.0023748934  6.4824742e-05   0.0024086482  6.5616261e-05
             27   0.0025262323  6.6773348e-05   0.0025107429  6.6461191e-05   0.0025513666  6.7347722e-05
             28   0.0024853544  6.6534494e-05   0.0024695879  6.6229488e-05   0.0025091722  6.7110474e-05
             29   0.0026588755  6.8734117e-05   0.0026417566  6.8406867e-05   0.0026829842  6.9524486e-05
             30   0.0025826299  6.7322384e-05   0.0025662903  6.7017656e-05   0.0026073855  6.8010987e-05
             31   0.0028446711  7.1177872e-05    0.002826573  7.0860447e-05   0.0028619206  7.2038803e-05
             32   0.0028893797  7.1424948e-05   0.0028719277   7.110413e-05   0.0029202169    7.20402e-05
             33   0.0027493536  6.9250437e-05   0.0027327013  6.8929452e-05   0.0027801682  6.9873183e-05
             34   0.0029863767  7.3350818e-05   0.0029681754  7.3000176e-05   0.0030204569  7.4152984e-05
             35   0.0029647096  7.2371987e-05   0.0029451223  7.1987265e-05   0.0029947462  7.3060387e-05
             36    0.003009978   7.357343e-05   0.0029907896  7.3224667e-05   0.0030449403  7.4261022e-05
             37   0.0032833967   7.515631e-05   0.0032632446  7.4763019e-05   0.0033207446  7.5905707e-05
             38   0.0029926587  7.3014776e-05    0.002972676  7.2631177e-05   0.0030267636  7.3716717e-05
             39   0.0030668433  7.4017359e-05   0.0030470337  7.3664198e-05   0.0031009563  7.4725284e-05
             40   0.0030488919  7.4565268e-05   0.0030299085  7.4217629e-05   0.0030836687  7.5238828e-05
             41   0.0032146413  7.5300144e-05   0.0031910264  7.5109779e-05   0.0032521762   7.639763e-05
             42   0.0032483263   7.596342e-05   0.0032274427  7.5601338e-05   0.0032878141  7.6685515e-05
             43   0.0032826379  7.6214683e-05   0.0032628829  7.5853094e-05   0.0033214444  7.6959345e-05
             44   0.0033198377  7.6638384e-05   0.0032986714  7.6291894e-05   0.0033633444  7.7536295e-05
             45   0.0034837097  7.8856653e-05    0.003461945   7.846764e-05   0.0035273615  7.9702906e-05
             46   0.0035013478  7.8595962e-05   0.0034788194  7.8247488e-05   0.0035440923  7.9669027e-05
             47   0.0035547528  7.8908186e-05   0.0035198202  7.8800332e-05    0.003588431  8.0136268e-05
             48   0.0035545358  7.9375422e-05   0.0035316781  7.8981073e-05   0.0035987149  8.0193131e-05
             49   0.0036565515  7.9834906e-05   0.0036344972  7.9442541e-05   0.0037023222  8.0738971e-05
             50   0.0035823398  7.9320349e-05   0.0035598758  7.8955132e-05   0.0036272332  8.0237252e-05
             51   0.0034847258  7.9337574e-05   0.0034620004  7.8934715e-05   0.0035265873  8.0197782e-05
             52   0.0035830149  7.9767922e-05   0.0035606297  7.9384687e-05   0.0036295508  8.0762038e-05
             53   0.0037632493  8.2028011e-05    0.003737944  8.1613154e-05     0.00381055  8.2910517e-05
             54    0.003613602  8.0269729e-05   0.0035896317  7.9896671e-05   0.0036614067  8.1283898e-05
             55   0.0036172497   7.980943e-05   0.0035979161  7.9597076e-05   0.0036676455  8.0757784e-05
             56   0.0036405109  8.1487899e-05   0.0036209179  8.1171081e-05   0.0036862826  8.2607313e-05
             57    0.003670074  8.0814321e-05   0.0036470176  8.0422247e-05   0.0037194885  8.1734846e-05
             58    0.003764037  8.1674487e-05   0.0037427336  8.1363931e-05   0.0038120833  8.2985189e-05
             59    0.003616485  8.0500068e-05   0.0035944892  8.0102727e-05   0.0036651917  8.1449253e-05
             60   0.0037052968  8.0780532e-05   0.0036823978   8.038904e-05   0.0037522818  8.1656008e-05
             61   0.0036905169  8.1659006e-05   0.0036690236   8.131702e-05   0.0037369749  8.2667822e-05
             62   0.0036044772  7.9998496e-05   0.0035825901  7.9625277e-05   0.0036488158  8.0800777e-05
             63   0.0037804143  8.2769545e-05   0.0037574336  8.2384902e-05   0.0038304217   8.367374e-05
             64   0.0037410513  8.1776613e-05    0.003710164  8.1637527e-05   0.0037895476  8.2654613e-05
             65   0.0036754059  8.0285452e-05   0.0036461939  7.9847565e-05   0.0037183015   8.116248e-05
             66   0.0037680113  8.1717798e-05   0.0037430964  8.1590828e-05   0.0038179271  8.2967205e-05
             67   0.0037063862  8.0888821e-05   0.0036845185  8.0512309e-05    0.003751057  8.1750433e-05
             68    0.003703315  8.1113964e-05   0.0036816708  8.0751846e-05   0.0037514614  8.2577687e-05
             69   0.0036888614  8.0923512e-05   0.0036687601  8.0586318e-05   0.0037371543  8.2149072e-05
             70   0.0036157086  8.1042219e-05    0.003593906  8.0666066e-05   0.0036621843  8.1932927e-05
             71   0.0036911787  8.0313574e-05   0.0036688757  7.9925927e-05   0.0037362977  8.1366643e-05
             72   0.0036543021  8.0809306e-05   0.0036319104  8.0430349e-05   0.0037047404  8.1735908e-05
             73   0.0035707119  8.0125288e-05   0.0035482885  7.9735376e-05   0.0036165036  8.1113828e-05
             74    0.003622357  7.9980742e-05   0.0036020171  7.9633007e-05   0.0036661994   8.090425e-05
             75   0.0037491845  8.0876273e-05   0.0037258722  8.0502664e-05    0.003802083  8.1887749e-05
             76   0.0035748085  7.9046231e-05   0.0035532699  7.8856933e-05   0.0036126048  8.0356768e-05
             77   0.0036875962  8.0071647e-05    0.003664523  7.9670247e-05   0.0037321614  8.0998273e-05
             78   0.0037144701  8.1318372e-05   0.0036947616  8.0985173e-05   0.0037634657  8.2288982e-05
             79   0.0035695922  7.9281918e-05   0.0035389893   7.914496e-05    0.003605447  8.0362921e-05
             80   0.0035034265  7.8923892e-05   0.0034829242  7.8566846e-05    0.003551157  7.9826362e-05
             81   0.0036189553  8.0279058e-05   0.0035969207  8.0259436e-05    0.003661278   8.110643e-05
             82   0.0036277721  8.0255421e-05   0.0036068247  7.9907139e-05   0.0036740751  8.1184679e-05
             83   0.0036864909  8.1766986e-05   0.0036622365  8.1347412e-05   0.0037314465  8.2769635e-05
             84    0.003549407  7.9598336e-05   0.0035272717  7.9217077e-05   0.0035952712   8.052362e-05
             85   0.0034220976  7.8740275e-05   0.0034011513  7.8354897e-05    0.003466259  7.9607916e-05
             86   0.0036156048  8.0246198e-05   0.0035937552  7.9861689e-05   0.0036615284  8.1235301e-05
             87   0.0037014864   8.108436e-05   0.0036802963  8.0725557e-05   0.0037470694  8.2007895e-05
             88   0.0034301425  7.8336715e-05   0.0034086892  7.7922301e-05   0.0034728639  7.9154809e-05
             89   0.0032897656  7.5707821e-05   0.0032700703  7.5352109e-05   0.0033297095  7.6487951e-05
             90   0.0034458621  7.8652263e-05   0.0034249117  7.8309521e-05   0.0034929739  7.9735689e-05
             91   0.0032899687   7.594132e-05   0.0032693234  7.5624591e-05   0.0033285291  7.6692405e-05
             92   0.0034559378  7.8363465e-05   0.0034365762  7.7992954e-05   0.0034988676  7.9265861e-05
             93    0.003364501  7.6398007e-05   0.0033452361  7.6063846e-05   0.0034029975  7.7181058e-05
             94   0.0032432945  7.5482458e-05   0.0032230725  7.5129683e-05    0.003284001  7.6282545e-05
             95   0.0032839865  7.5820211e-05   0.0032655975  7.5476446e-05   0.0033204461   7.667409e-05
             96   0.0031132398  7.4104732e-05   0.0030944136  7.3738613e-05   0.0031455393  7.4811575e-05
             97   0.0031406773  7.5167441e-05   0.0031222845   7.481032e-05   0.0031757435  7.6194436e-05
             98   0.0030984042  7.4346972e-05   0.0030812223  7.4019785e-05   0.0031348349  7.5120091e-05
             99   0.0030206163  7.4080006e-05   0.0030061573  7.3956461e-05   0.0030565422  7.5038938e-05
            100   0.0029618773  7.1842813e-05   0.0029451019  7.1553968e-05   0.0029890301  7.2691543e-05
            101   0.0031200568  7.4096669e-05   0.0031009228  7.4074048e-05   0.0031539955  7.4844344e-05
            102   0.0032417772  7.5336856e-05   0.0032216575  7.4945859e-05   0.0032745722  7.6019871e-05
            103   0.0029669807  7.2158148e-05   0.0029519182  7.1800451e-05   0.0030012125  7.2899703e-05
            104   0.0030098202  7.2530651e-05   0.0029914729  7.2291454e-05   0.0030284147  7.3509238e-05
            105   0.0028257418  7.0615056e-05   0.0028100301  7.0294688e-05   0.0028554122  7.1245573e-05
            106   0.0028393032  7.0426212e-05   0.0028216001  7.0267518e-05   0.0028752853  7.1501193e-05
            107   0.0028800441  7.2852807e-05   0.0028621007  7.2507272e-05   0.0029098347  7.3505603e-05
            108   0.0028072058  7.0034382e-05   0.0027904253  6.9684168e-05   0.0028359498  7.0627783e-05
            109   0.0028970733  7.1793251e-05   0.0028803686  7.1460476e-05   0.0029255971  7.2416667e-05
            110   0.0028187246  7.1385946e-05   0.0028023649  7.1061649e-05   0.0028487159  7.2045337e-05
            111    0.002860943  7.0791696e-05   0.0028455519  7.0476717e-05   0.0028930548   7.144998e-05
            112   0.0027836117  7.0784296e-05   0.0027661903  7.0452713e-05   0.0028126802  7.1432866e-05
            113   0.0027951881  6.8838321e-05   0.0027798548  6.8522644e-05   0.0028226852  6.9537076e-05
            114   0.0027377938  6.9471658e-05   0.0027218852  6.9157356e-05   0.0027655596  7.0056893e-05
            115   0.0026334593  6.7825698e-05   0.0026145073  6.7784794e-05   0.0026542182  6.8641552e-05
            116   0.0027047628  6.9659367e-05   0.0026891525  6.9341264e-05   0.0027311736  7.0272171e-05
            117   0.0027078497  6.8245628e-05   0.0026927817   6.800422e-05   0.0027271155  6.8867924e-05
            118   0.0025933924  6.7483285e-05   0.0025774138  6.7147176e-05   0.0026154834  6.8051649e-05
            119   0.0025712599  6.6772033e-05   0.0025621891  6.6576394e-05   0.0026013272  6.7476844e-05
            120   0.0025298833  6.6692281e-05   0.0025200674  6.6867578e-05   0.0025536402  6.7482593e-05
            121   0.0025773494  6.8031845e-05   0.0025523414  6.7919475e-05   0.0025930135  6.9000482e-05
            122   0.0025207729  6.5721123e-05   0.0025045981  6.5388564e-05   0.0025377871  6.6408934e-05
            123   0.0024025892   6.497746e-05   0.0023885995   6.468871e-05   0.0024259877  6.5527409e-05
            124   0.0024928021   6.612656e-05   0.0024788536  6.5831285e-05    0.002515741  6.6661097e-05
            125   0.0025166563   6.581166e-05   0.0025045656  6.5654565e-05   0.0025338771  6.6425414e-05
            126   0.0025196037  6.6108891e-05   0.0025050401  6.5796145e-05   0.0025407249  6.6603066e-05
            127    0.002531964  6.6533306e-05   0.0025169801  6.6200395e-05   0.0025551758  6.7100046e-05
            128   0.0024267651  6.5059616e-05    0.002413367  6.4761364e-05   0.0024473634   6.556365e-05
            129   0.0024421777  6.5746875e-05   0.0024292309  6.5445597e-05   0.0024618551   6.623163e-05
            130   0.0024087501  6.4811803e-05   0.0023945038  6.4502563e-05   0.0024295634  6.5274539e-05
            131   0.0023313571  6.3495854e-05   0.0023233305   6.332488e-05   0.0023563471   6.426504e-05
            132   0.0023891792  6.4238327e-05    0.002376402  6.3986394e-05   0.0024117983  6.5119228e-05
            133   0.0022741206  6.3165039e-05   0.0022607998  6.2876781e-05   0.0022917257  6.3547171e-05
            134   0.0023896174  6.4027329e-05   0.0023756691   6.371672e-05   0.0024093987  6.4474376e-05
            135   0.0023238603  6.3690468e-05   0.0023100826  6.3397052e-05   0.0023431226  6.4092479e-05
            136   0.0022881833  6.2071084e-05     0.00227642   6.180313e-05   0.0023051649  6.2473597e-05
            137    0.002258609  6.2112236e-05   0.0022448079  6.1797942e-05   0.0022746707  6.2507547e-05
            138   0.0021871493  6.2423753e-05   0.0021747254  6.2135743e-05   0.0022068745  6.2874199e-05
            139   0.0021353203  6.1166139e-05   0.0021226415   6.087548e-05   0.0021562929   6.166142e-05
            140   0.0020545059  6.0330461e-05   0.0020436949  6.0073586e-05   0.0020709578  6.0790648e-05
            141   0.0020421415   5.997282e-05   0.0020306941  5.9715355e-05   0.0020558249  6.0389804e-05
            142   0.0020412434  6.0077057e-05   0.0020295244  5.9797243e-05   0.0020565837  6.0438131e-05
            143   0.0020112491  5.9800408e-05   0.0020008289   5.954833e-05   0.0020282872  6.0271431e-05
            144   0.0019466524  5.8991994e-05   0.0019349464  5.8715262e-05   0.0019606748  5.9312485e-05
            145   0.0020120595  5.8844096e-05    0.002000486   5.858164e-05   0.0020275709  5.9213869e-05
            146   0.0020652694  6.0270298e-05   0.0020539697  6.0016081e-05   0.0020803902  6.0672224e-05
            147   0.0019952295  5.8665877e-05   0.0019843332   5.816388e-05   0.0020105775  5.8859094e-05
            148   0.0018518405  5.7034464e-05   0.0018415113  5.6771285e-05    0.001864292  5.7374078e-05
            149   0.0019349205  5.7663489e-05   0.0019239587   5.738915e-05    0.001946765  5.7990864e-05
            150   0.0019074198  5.8141063e-05   0.0018995305  5.7944286e-05   0.0019201011  5.8644922e-05
            151   0.0017571808  5.5761829e-05    0.001747173  5.5494983e-05   0.0017686839  5.6069364e-05
            152   0.0018157545   5.721287e-05   0.0018064289  5.7034968e-05   0.0018311503  5.7617296e-05
            153   0.0018172268  5.6444458e-05   0.0018057052  5.6171709e-05   0.0018279899   5.674341e-05
            154   0.0018318759  5.6809545e-05    0.001822208  5.6819355e-05   0.0018431792   5.741627e-05
            155   0.0018113398  5.7115538e-05   0.0018009874  5.6840556e-05   0.0018220193  5.7502024e-05
            156    0.001842248   5.684176e-05   0.0018323342  5.6570642e-05     0.00185273  5.7172174e-05
            157   0.0016086877  5.4665501e-05   0.0015992901  5.4419731e-05   0.0016176031  5.4952079e-05
            158     0.00167957  5.3923095e-05    0.001670176  5.3670567e-05   0.0016895383  5.4170572e-05
            159   0.0017608707  5.5863046e-05   0.0017499005  5.5570415e-05   0.0017667524  5.6022217e-05
            160   0.0016515355  5.3135316e-05     0.00164237  5.2922192e-05   0.0016600411  5.3451198e-05
            161   0.0018497005  5.6584104e-05   0.0018402398  5.6310137e-05   0.0018626165  5.6988233e-05
            162   0.0017500764  5.4743656e-05   0.0017411097  5.4496534e-05   0.0017616744  5.5083812e-05
            163   0.0016325736  5.3602871e-05   0.0016232206  5.3342771e-05   0.0016419895  5.3857234e-05
            164   0.0016028528  5.3208912e-05   0.0015945069  5.2977395e-05   0.0016121465  5.3485507e-05
            165   0.0016034229   5.285933e-05   0.0015966751  5.2665691e-05   0.0016153816  5.3179556e-05
            166   0.0015247723  5.2190574e-05   0.0015160996  5.1966879e-05    0.001533178  5.2452243e-05
            167   0.0015139093  5.1824021e-05   0.0015048805  5.1591575e-05   0.0015229388  5.2086749e-05
            168   0.0015822112  5.1876329e-05   0.0015741286   5.165302e-05   0.0015923061  5.2120765e-05
            169   0.0015590123  5.1904041e-05   0.0015498002  5.1669689e-05   0.0015644239  5.2122507e-05
            170   0.0014948603  5.1399978e-05   0.0014867137  5.1177558e-05   0.0015010589  5.1587133e-05
            171   0.0015658756  5.1752633e-05   0.0015578768  5.1523266e-05   0.0015738993  5.2041938e-05
            172   0.0015042989  5.1234057e-05   0.0014959378  5.1001642e-05   0.0015126042  5.1700464e-05
            173    0.001494222  5.0612205e-05   0.0014857703  5.0362804e-05   0.0015015984  5.0813861e-05
            174   0.0014481548  5.0047103e-05    0.001440342  4.9821066e-05   0.0014553761  5.0261091e-05
            175   0.0013970746  4.9899713e-05   0.0013846819  4.9757415e-05   0.0014070857  5.0470028e-05
            176   0.0015082214  5.0874622e-05   0.0014992732  5.0591012e-05   0.0015154506  5.1049554e-05
            177   0.0013668423  4.9293663e-05   0.0013591923  4.9054364e-05   0.0013729462  4.9475185e-05
            178   0.0014357325  4.9132972e-05   0.0014284853  4.8905354e-05   0.0014436535  4.9383702e-05
            179   0.0013358866  4.7798476e-05   0.0013325238  4.7728384e-05   0.0013450446  4.8144828e-05
            180   0.0014420652  4.9081675e-05   0.0014335157  4.8832145e-05   0.0014480835  4.9274379e-05
            181   0.0012799918  4.7379996e-05   0.0012719266    4.71135e-05   0.0012857335  4.7585143e-05
            182   0.0013231079  4.7736816e-05   0.0013164102  4.7552819e-05   0.0013299595  4.7990081e-05
            183   0.0012414737  4.7122475e-05   0.0012347394  4.6901208e-05   0.0012465172  4.7286175e-05
            184   0.0012704266  4.7533902e-05   0.0012628828  4.7312733e-05   0.0012774989  4.7764907e-05
            185   0.0012426962  4.5949396e-05   0.0012365076  4.5752645e-05     0.00124729  4.6085301e-05
            186   0.0011854552  4.5869383e-05   0.0011791186  4.5672242e-05   0.0011905488  4.6079746e-05
            187   0.0013068605  4.6884222e-05   0.0012994811  4.6649248e-05   0.0013121851  4.7063054e-05
            188   0.0011308445  4.4401417e-05   0.0011240289  4.4276199e-05   0.0011340849  4.4491618e-05
            189   0.0012658365  4.6434004e-05    0.001258803  4.6215646e-05   0.0012708496  4.6592661e-05
            190   0.0012252833   4.657438e-05   0.0012184433  4.6348918e-05   0.0012300619  4.6773165e-05
            191   0.0010849169  4.3262594e-05   0.0010796403  4.3070489e-05   0.0010895095  4.3386464e-05
            192   0.0010899496   4.409136e-05   0.0010835603  4.3887195e-05   0.0010942991  4.4224311e-05
            193   0.0011100736  4.4424604e-05   0.0011038067  4.4227895e-05    0.001113187  4.4512476e-05
            194   0.0011338811  4.4412874e-05    0.001127716  4.4201997e-05   0.0011389784  4.4562549e-05
            195   0.0010503209   4.201923e-05   0.0010453879  4.1839107e-05   0.0010543064  4.2156116e-05
            196   0.0010738227  4.2920537e-05   0.0010708234  4.2790615e-05    0.001078994   4.308338e-05
            197   0.0010673592   4.233738e-05   0.0010616112  4.2136761e-05   0.0010704634  4.2450633e-05
            198   0.0010378093  4.2875258e-05   0.0010321244  4.2672308e-05   0.0010413322  4.3006202e-05
            199   0.0010250529  4.3222431e-05   0.0010197792  4.3031339e-05    0.001028457  4.3334242e-05
            200  0.00092753204  4.0429622e-05  0.00092281604   4.026155e-05  0.00092993599  4.0535742e-05
            201  0.00092691287  3.9449675e-05   0.0009232485  3.9295748e-05  0.00092953339  3.9562126e-05
            202  0.00098600849  4.1149179e-05  0.00098125666  4.0978107e-05  0.00098904738  4.1247811e-05
            203  0.00096336523  4.1082595e-05  0.00095874477  4.0911089e-05  0.00096724136  4.1206444e-05
            204  0.00099804168  4.0880074e-05  0.00099013834  4.0802964e-05   0.0010009305  4.0969668e-05
            205  0.00097481188  4.0562914e-05  0.00096925965  4.0360242e-05  0.00097862337  4.0693744e-05
            206  0.00089544909  3.9045823e-05  0.00089101034  3.8875388e-05  0.00089840708  3.9197791e-05
            207  0.00092482779  3.9760795e-05  0.00091954544   3.957905e-05  0.00092859476  3.9894938e-05
            208  0.00085295245  3.8291893e-05  0.00084936764  3.8134227e-05  0.00085612033  3.8420003e-05
            209  0.00086175595  3.8403823e-05  0.00085691465  3.8228205e-05  0.00086481995  3.8520754e-05
            210  0.00083922835   3.862998e-05  0.00083383549  3.8468748e-05  0.00084327345  3.8749162e-05
            211  0.00085789581  3.8975757e-05  0.00085323298  3.8815011e-05  0.00086088854  3.9074574e-05
            212  0.00087556737  3.9121224e-05  0.00087102256  3.8957133e-05  0.00087893227  3.9262501e-05
            213  0.00081872331   3.749544e-05  0.00081461334  3.7348087e-05  0.00082163422  3.7593489e-05
            214  0.00086737036  3.9614006e-05  0.00086256868  3.9440154e-05  0.00087025904  3.9696781e-05
            215   0.0008575878   3.831815e-05  0.00085352347  3.8147932e-05  0.00085976736  3.8386839e-05
            216  0.00086433257  3.8693862e-05   0.0008593619  3.8497819e-05  0.00086725869  3.8798892e-05
            217  0.00078906951  3.6826848e-05  0.00078632611  3.6706342e-05  0.00079126224  3.6911996e-05
            218  0.00080203427  3.6851323e-05  0.00079867067  3.6683524e-05  0.00080521695  3.6933274e-05
            219  0.00079920023   3.688265e-05  0.00079554927  3.6756733e-05  0.00080174916  3.6960315e-05
            220   0.0007149684  3.5545018e-05  0.00071199223  3.5429794e-05  0.00071671042  3.5632166e-05
            221  0.00075490456  3.6214551e-05  0.00075116455  3.6059991e-05  0.00075692344  3.6312667e-05
            222  0.00065154595  3.3982492e-05  0.00064916042   3.385942e-05   0.0006532487  3.4080274e-05
            223  0.00072046147   3.455958e-05  0.00071739502   3.440169e-05  0.00072231319  3.4671671e-05
            224  0.00071697964  3.5240468e-05  0.00071380596  3.5090115e-05  0.00071882956  3.5300754e-05
            225  0.00073323486  3.5166251e-05   0.0007300447   3.501685e-05  0.00073505087  3.5203058e-05
            226  0.00066024594  3.3262778e-05  0.00065716982  3.3181092e-05  0.00066258777  3.3364198e-05
            227  0.00067325314  3.4768558e-05  0.00067011951  3.4630782e-05  0.00067556928   3.484879e-05
            228  0.00069610392  3.4996868e-05  0.00069300594  3.4873622e-05  0.00069765306   3.504792e-05
            229  0.00067655202  3.4990949e-05  0.00067368932  3.4845074e-05  0.00067918349  3.5089794e-05
            230  0.00069456087  3.4844572e-05  0.00069108216  3.4700579e-05  0.00069622611  3.4926179e-05
            231   0.0007003791  3.3981616e-05  0.00069732606  3.3861342e-05  0.00070239084  3.4060632e-05
            232  0.00068769923  3.3882689e-05   0.0006848037  3.3752619e-05  0.00068948204  3.3963968e-05
            233  0.00063565602  3.3048944e-05  0.00063328387  3.2932921e-05  0.00063689337  3.3107637e-05
            234  0.00062915359  3.2408961e-05  0.00062672406   3.229886e-05  0.00063050327  3.2471475e-05
            235  0.00041668107  2.7893385e-05  0.00037601609  2.6646223e-05  0.00045202017  2.9018513e-05
            236  0.00063092405  3.3165423e-05  0.00062864389  3.3038767e-05   0.0006328302  3.3254686e-05
            237  0.00053879388  3.1122579e-05  0.00053740308  3.1019572e-05  0.00053973151  3.1185397e-05
            238  0.00055886269  3.1156879e-05  0.00055678032  3.1029549e-05  0.00056052318   3.120909e-05
            239  0.00058303083  3.1417132e-05  0.00058105286   3.132361e-05   0.0005843965   3.148426e-05
            240   0.0005119269  3.0147295e-05  0.00051042227  3.0031135e-05  0.00051335311  3.0187324e-05
            241  0.00057110069  3.1574975e-05   0.0005690381  3.1469924e-05  0.00057249666  3.1656355e-05
            242  0.00052640685  2.9804992e-05  0.00052324163  2.9660225e-05  0.00052917438  2.9916997e-05
            243  0.00058403577  3.1864789e-05  0.00058154553  3.1742308e-05  0.00058585405  3.1941688e-05
            244  0.00048699042  2.9383796e-05  0.00048463416  2.9283621e-05  0.00048863551  2.9457172e-05
            245  0.00050702536  2.9619976e-05  0.00050484559  2.9527952e-05  0.00050851009  2.9666655e-05
            246  0.00045294176  2.7773687e-05  0.00045180694  2.7674563e-05  0.00045384385  2.7785806e-05
            247  0.00056846375  3.0632333e-05  0.00056631276  3.0532325e-05  0.00056977624  3.0689253e-05
            248  0.00043843644  2.8694995e-05  0.00043835044  2.8713146e-05  0.00044020429  2.8847386e-05
            249    0.000555487  3.1367019e-05  0.00055345744   3.127061e-05  0.00055645885  3.1411456e-05
            250  0.00050579339  2.9461248e-05  0.00050313572  2.9335966e-05  0.00050810818  2.9554482e-05
            251  0.00044488071  2.8270369e-05  0.00044319853   2.817645e-05  0.00044624879  2.8342586e-05
            252  0.00057447166  3.1646382e-05  0.00057200506  3.1521427e-05  0.00057582925  3.1719159e-05
            253  0.00046627045    2.90714e-05  0.00046467411  2.8955425e-05  0.00046750644  2.9157114e-05
            254  0.00031989913  2.4367424e-05  0.00031884129  2.4369039e-05  0.00032059794  2.4355842e-05
            255  0.00042950793  2.7190306e-05  0.00042733503  2.7182114e-05  0.00043017709  2.7237903e-05
            256  0.00046072539  2.8313109e-05  0.00045909133  2.8233146e-05   0.0004617657  2.8364223e-05
            257  0.00047202332  2.8720219e-05  0.00047064903  2.8621242e-05  0.00047280049   2.877905e-05
            258  0.00043355708   2.712987e-05  0.00043256053  2.7040603e-05  0.00043460887  2.7216157e-05
            259  0.00043488783  2.7791799e-05  0.00043342789  2.7712649e-05  0.00043573689   2.781521e-05
            260  0.00040130828  2.6295101e-05  0.00039918827   2.618333e-05  0.00040262563  2.6356031e-05
            261  0.00042169079  2.6718151e-05  0.00042052825   2.663998e-05  0.00042268413  2.6787933e-05
            262  0.00045941297  2.7764789e-05  0.00045807847  2.7684148e-05  0.00046020797  2.7800859e-05
            263  0.00041271672   2.742865e-05  0.00041142399  2.7335531e-05  0.00041377358  2.7481144e-05
            264  0.00045264945   2.705188e-05  0.00045118173  2.6954879e-05  0.00045341318  2.7082914e-05
            265  0.00030568419  2.3441591e-05  0.00030499195  2.3430678e-05  0.00030653092  2.3486015e-05
            266   0.0004798723  2.8587983e-05  0.00047786767   2.848368e-05  0.00048131203  2.8667721e-05
            267  0.00039728625  2.6584503e-05  0.00039587908  2.6499123e-05  0.00039804764  2.6615454e-05
            268   0.0003756572  2.5974885e-05  0.00037469122  2.5888742e-05  0.00037615175  2.6020384e-05
            269   0.0003900464  2.5484315e-05  0.00038868125  2.5396862e-05   0.0003909532   2.555537e-05
            270  0.00042307517  2.6711099e-05  0.00042148376  2.6624963e-05  0.00042425227  2.6770454e-05
            271  0.00035232946   2.515417e-05  0.00035070858   2.506716e-05  0.00035319084  2.5205073e-05
            272  0.00030306615  2.2925069e-05  0.00030176521  2.2850128e-05  0.00030342264  2.2944555e-05
            273  0.00035777291  2.5061852e-05  0.00035679567  2.4969062e-05  0.00035861363  2.5078795e-05
            274  0.00034211241  2.3933382e-05  0.00034045287  2.3835263e-05  0.00034319327  2.3994169e-05
            275  0.00029564435   2.353006e-05  0.00029461737   2.344211e-05  0.00029623245  2.3576504e-05
            276  0.00034517184  2.3909874e-05  0.00034436209  2.3839382e-05  0.00034584212  2.3972749e-05
            277  0.00033417013  2.3987163e-05  0.00033377268  2.3935911e-05  0.00033449031  2.4014296e-05
            278  0.00026281465  2.1862926e-05  0.00026271586  2.1872531e-05  0.00026282639  2.1873546e-05
            279  0.00033052091  2.3929604e-05   0.0003255504  2.3791917e-05  0.00033066971  2.3945917e-05
            280  0.00031774275  2.4286222e-05  0.00031679083  2.4212141e-05   0.0003185011  2.4311966e-05
            281  0.00023882438  2.0552127e-05  0.00023735828  2.0484324e-05  0.00024105623  2.0632501e-05
            282  0.00033663139  2.3513279e-05  0.00033565898  2.3442882e-05  0.00033708117  2.3556653e-05
            283  0.00027788498  2.2143864e-05  0.00027754789  2.2097977e-05  0.00027822285  2.2172054e-05
            284  0.00022662219  2.1216352e-05  0.00022640817  2.1226517e-05  0.00022680217  2.1235476e-05
            285  0.00033100792  2.3706931e-05  0.00032988954  2.3631675e-05  0.00033149099  2.3744409e-05
            286  0.00023803931  2.1454283e-05  0.00023754688  2.1402671e-05  0.00023839365  2.1488241e-05
            287    0.000301741   2.250173e-05  0.00030099003  2.2423741e-05   0.0003021934  2.2555616e-05
            288   0.0002822248  2.2411223e-05  0.00028139068  2.2345444e-05  0.00028282305  2.2455295e-05
            289  0.00017505056  1.9154619e-05  0.00017401542  1.9133899e-05  0.00017767729  1.9247439e-05
            290  0.00025093912  2.1181844e-05  0.00025046823  2.1138389e-05  0.00025130648  2.1214172e-05
            291  0.00028132932  2.1471922e-05  0.00028054292  2.1414755e-05  0.00028217533  2.1522033e-05
            292  0.00033951685   2.433847e-05  0.00033838626  2.4263027e-05   0.0003402539  2.4379599e-05
            293   0.0002690799  2.2117145e-05  0.00026890727  2.2092685e-05  0.00026943776   2.211993e-05
            294  0.00029858796  2.2812327e-05  0.00029730903  2.2736401e-05  0.00030040473  2.2854113e-05
            295  0.00018173254  1.9303287e-05  0.00017943811  1.9206776e-05  0.00018291371  1.9377266e-05
            296  0.00022921871  2.0247389e-05  0.00022890922   2.020542e-05  0.00022934629  2.0255209e-05
            297  0.00014704799  1.7295618e-05  0.00014389325  1.7150299e-05   0.0001494621  1.7406123e-05
            298  0.00029456565  2.3342684e-05  0.00029373454  2.3279614e-05  0.00029500849  2.3377628e-05
            299  0.00021660515  2.0131581e-05  0.00021603228  2.0188945e-05  0.00021685921  2.0162883e-05
            300  0.00024511869  2.0755363e-05  0.00024431683  2.0689999e-05  0.00024591359  2.0806049e-05
            301  0.00015866705  1.7476444e-05  0.00015700586  1.7402232e-05  0.00016057635  1.7550684e-05
            302  0.00018215087  1.9686274e-05  0.00018142018  1.9678955e-05  0.00018270772  1.9715643e-05
            303   0.0002068501  2.0910116e-05  0.00020601239  2.0891855e-05  0.00020762419  2.0939992e-05
            304  0.00022850139  2.0220715e-05  0.00022811972  2.0171759e-05  0.00022878644  2.0228435e-05
            305  0.00021498388  1.9343206e-05  0.00021486883  1.9328495e-05  0.00021535059  1.9362187e-05
            306  4.6966489e-05  8.4872557e-06  2.9029535e-05  6.4765137e-06  6.0313094e-05  9.7644053e-06
            307  0.00018017142   1.900309e-05  0.00018002884  1.9007151e-05  0.00018047429  1.9027877e-05
            308  0.00022754451  1.9400071e-05  0.00022753638  1.9407853e-05  0.00022794759  1.9421922e-05
            309  0.00020938126  1.9869186e-05  0.00020885864  1.9882828e-05    0.000209949  1.9885831e-05
            310  0.00017514588  1.9012535e-05  0.00017491275  1.8978561e-05  0.00017525141  1.9052179e-05
            311   0.0001739731  1.8119636e-05  0.00017238805  1.8064996e-05  0.00017528552   1.818154e-05
            312   0.0002197228  2.0021572e-05  0.00021915041  1.9983347e-05  0.00022008772  2.0050789e-05
            313  0.00020603058  1.8870582e-05  0.00015475049  1.6585499e-05  0.00022449841  1.9610756e-05
            314  0.00015523048  1.8455179e-05  0.00015321275  1.8352445e-05  0.00015753936  1.8594948e-05
            315  0.00020294627   1.915958e-05  0.00020138985  1.9109418e-05  0.00020411889  1.9186597e-05
            316   0.0002340583  2.0062459e-05  0.00023374203   2.002503e-05  0.00023419979  2.0081824e-05
            317  0.00018956619  1.8726132e-05  0.00018734002  1.8624964e-05  0.00019164249  1.8793425e-05
            318  0.00024782589  2.1490313e-05  0.00024731626  2.1433426e-05  0.00024831096  2.1527687e-05
            319  0.00013778356  1.7581248e-05  0.00013702133  1.7575669e-05  0.00013929006  1.7628527e-05
            320  0.00017324164  1.9659401e-05  0.00017290903  1.9658804e-05  0.00017370007  1.9652789e-05
            321  0.00018666327  1.8449484e-05  0.00018598901  1.8435563e-05  0.00018719067  1.8482662e-05
            322  0.00018252489  1.9288498e-05  0.00018225085  1.9256536e-05  0.00018274421  1.9302587e-05
            323  0.00018350934  1.8742197e-05  0.00018330935  1.8763624e-05  0.00018360853  1.8712017e-05
            324   0.0001175814  1.5298003e-05  0.00011524213  1.5170678e-05  0.00012041425  1.5438339e-05
            325  0.00023294928  2.0788139e-05  0.00023254466  2.0745202e-05  0.00023318912  2.0807174e-05
            326  0.00018835313  1.8215679e-05  0.00018822023  1.8192978e-05  0.00018845522  1.8223912e-05
            327  0.00020139107  1.8970609e-05   0.0002010237  1.8931514e-05  0.00020155031  1.8990371e-05
            328 -1.1144042e-07  1.9658266e-06 -4.7886326e-07  7.4350246e-07  6.9704823e-06  2.9266814e-06
            329  0.00018825627  1.8353125e-05  0.00015218766  1.6152014e-05  0.00018865682  1.8404828e-05
            330  0.00016627001  1.8207959e-05   0.0001661627   1.821078e-05  0.00016637785  1.8182795e-05
            331  0.00016614805   1.761084e-05  0.00016574307  1.7572586e-05  0.00016635369  1.7627028e-05
            332  0.00010700126  1.5176154e-05  0.00010463056  1.5019181e-05  0.00010703613  1.5163349e-05
            333  0.00011135277  1.4529853e-05  0.00010827029  1.4354216e-05  0.00011298538  1.4612513e-05
            334   6.292516e-05  1.1876646e-05  5.7428529e-05  1.1404394e-05   6.891155e-05  1.2380857e-05
            335  0.00018628197  1.7936777e-05  0.00018610561  1.7907732e-05   0.0001864535  1.7952005e-05
            336   0.0001347435   1.757674e-05  0.00013455108  1.7589371e-05  0.00013492177  1.7571579e-05
            337   0.0001231526  1.7138567e-05   0.0001225936  1.7126063e-05  0.00012373809  1.7164766e-05
            338   0.0001475074  1.7105354e-05  0.00014428689  1.6844207e-05  0.00014927028  1.7250884e-05
            339   0.0001499076  1.6748075e-05  0.00014962505  1.6735041e-05  0.00015028826  1.6785013e-05
            340  9.0087866e-05  1.5267397e-05  8.5558964e-05  1.4941325e-05  9.4652136e-05  1.5579616e-05
            341  0.00016905685  1.8293732e-05  0.00016843065  1.8261352e-05  0.00017001606  1.8341948e-05
            342  5.8552369e-06  2.7034796e-06  2.7417145e-06  1.6133158e-06  1.0342178e-05  3.8860612e-06
            343  0.00019800135  2.0372667e-05  0.00019750103  2.0318522e-05  0.00019850205  2.0397764e-05
            344  0.00017942814  1.8078512e-05  0.00017928677  1.8044925e-05  0.00017954554  1.8099716e-05
            345  8.6114622e-05  1.3659624e-05  8.1474326e-05    1.32495e-05   9.009405e-05  1.4016627e-05
            346  8.1132656e-05  1.4743353e-05  6.9794644e-05  1.3839931e-05  8.8915745e-05  1.5335915e-05
            347    8.03723e-05  1.4016539e-05  5.7956946e-05  1.2152019e-05  9.5020647e-05  1.5061088e-05
            348  0.00014832979  1.8780481e-05    0.000147883  1.8771111e-05  0.00014904502  1.8792513e-05
            349  0.00015887213  1.8023525e-05  0.00015876114  1.8008207e-05  0.00015890866  1.8024877e-05
            350  0.00014741256  1.7945436e-05  0.00014721546  1.7907159e-05  0.00014753323  1.7931888e-05
            351   0.0001148978    1.73321e-05  0.00011471712  1.7346474e-05  0.00011502311  1.7313773e-05
            352   0.0001013356  1.5441237e-05  8.2903425e-05  1.4122077e-05   0.0001114467  1.6117653e-05
            353  0.00011529322  1.6247738e-05  0.00011414691  1.6184245e-05  0.00011811125  1.6399899e-05
            354  0.00014969866  1.7223252e-05  0.00014912374  1.7170651e-05  0.00015053808   1.726658e-05
            355  0.00012707996  1.6093108e-05  0.00012688463  1.6079095e-05  0.00012724177  1.6112386e-05
            356  0.00013686441  1.6615874e-05  0.00013461993  1.6412318e-05  0.00013811869   1.674576e-05
            357   0.0001172991  1.7415423e-05  0.00011693023  1.7369254e-05  0.00011773377  1.7484945e-05
            358  0.00011274982  1.6045775e-05  0.00011236189  1.6005215e-05  0.00011307372  1.6061027e-05
            359  0.00010274546  1.4831396e-05  0.00010168177  1.4748998e-05  0.00010368642  1.4919419e-05
            360  0.00014357939  1.6690196e-05  0.00014347943  1.6692033e-05  0.00014360888  1.6696327e-05
            361  0.00010992924  1.7038904e-05  0.00010973902  1.7038703e-05  0.00011022162  1.7028397e-05
            362  0.00011650385  1.5751007e-05  0.00010071812  1.4474763e-05  0.00012408143  1.6350454e-05
            363  0.00013831329  1.6899051e-05   0.0001379432  1.6893445e-05  0.00013848131  1.6914512e-05
            364  0.00012429685  1.4509615e-05  0.00012022659  1.4221601e-05   0.0001290628  1.4838212e-05
            365  0.00015616506   1.819485e-05  0.00015608732  1.8194153e-05  0.00015630371  1.8167804e-05
            366  0.00011587886  1.6775361e-05  0.00011478589  1.6715965e-05  0.00011667366  1.6800085e-05
            367  0.00015747586  1.9974518e-05  0.00015728896  1.9933608e-05  0.00015751905   1.998229e-05
            368   0.0001138135  1.6788309e-05  0.00011256316  1.6718464e-05  0.00011487169  1.6844144e-05
            369  0.00018105353  1.8902768e-05  0.00018083219  1.8871045e-05  0.00018120898   1.891873e-05
            370  0.00012128101  1.8173594e-05  0.00012112735  1.8191703e-05   0.0001215236   1.817516e-05
            371  0.00010403041  1.6585569e-05  0.00010328921  1.6598221e-05  0.00010492215  1.6600003e-05
            372   0.0001333908  1.6903932e-05  0.00013311046  1.6883616e-05  0.00013386974   1.692292e-05
            373  0.00016271543  1.9576477e-05  0.00016031464  1.9466689e-05  0.00016521546  1.9709611e-05
            374  2.4101964e-06  3.6173488e-06  3.3790985e-08  3.3285585e-08  2.4595221e-05  8.3869465e-06
            375  0.00011240438  1.6230616e-05  0.00011167832  1.6200354e-05  0.00011315969  1.6271805e-05
            376  3.5907349e-05   7.850916e-06  2.3409952e-05  6.1306573e-06  5.0940448e-05  9.5733406e-06
            377  0.00013749451  1.8812533e-05  0.00013721515  1.8803187e-05  0.00013767262  1.8833934e-05
            378  3.0729517e-06  1.7957694e-06  3.5354016e-07  3.1422548e-07  8.7135642e-06  3.6056705e-06
            379  0.00011937133  1.6316446e-05  0.00011838683  1.6260396e-05  0.00012075518  1.6381135e-05
            380  5.9083966e-05  1.4450211e-05  4.8369668e-05  1.3309609e-05  6.6503237e-05  1.5114573e-05
            381  7.4960288e-06  3.8821524e-06 -9.4797459e-07  1.8952029e-06  2.2216456e-05  8.1007729e-06
            382   0.0001175842  1.6469762e-05   0.0001122279  1.6147319e-05  0.00012196141  1.6738485e-05
            383  0.00010960529  1.7606383e-05  0.00010926323  1.7607118e-05  0.00010995371  1.7621937e-05
            384   7.809566e-05  1.4658978e-05  7.4282256e-05  1.4354292e-05  8.0328258e-05   1.482912e-05
            385  0.00012907285  1.7685686e-05  0.00012840074  1.7650424e-05  0.00012956015    1.77123e-05
            386  0.00014358863  1.8308549e-05  0.00014351389  1.8277457e-05  0.00014364481  1.8325901e-05
            387  0.00012441188  1.6721528e-05  0.00012340427  1.6666804e-05  0.00012520412  1.6777887e-05
            388  0.00012965592  1.7432118e-05  0.00012824439  1.7377556e-05  0.00013068607  1.7481449e-05
            389  5.8159419e-05  1.2765177e-05  4.8889802e-05  1.1837317e-05  6.6931549e-05  1.3566141e-05
            390  7.6254306e-05  1.4495103e-05  7.5714351e-05  1.4458562e-05  7.6522988e-05  1.4507726e-05
            391  2.1255352e-05  8.1780432e-06  1.5633921e-05  6.6506631e-06  2.6813438e-05  9.5130344e-06
            392   0.0001451303  1.8578553e-05  0.00014489448  1.8580134e-05  0.00014540569  1.8593057e-05
            393  9.3074185e-05  1.4649981e-05  4.0927044e-05  9.1669909e-06  0.00011180036  1.6301078e-05
            394  2.6651877e-05  1.0285379e-05  1.5588417e-05  8.3167044e-06  3.7766089e-05  1.1849683e-05
            395  8.5866363e-05  1.6013891e-05  8.5611251e-05  1.5994172e-05  8.6126872e-05  1.6055907e-05
            396  8.8791965e-05  1.6109749e-05  8.7273069e-05  1.6005792e-05  8.9540248e-05  1.6172342e-05
            397  5.8930239e-05  1.1004862e-05  1.9711167e-05  5.8277511e-06  7.5796605e-05  1.2775305e-05
            398  8.5773204e-05  1.6172038e-05  8.5381031e-05  1.6148846e-05  8.6232726e-05  1.6195015e-05
            399  3.2943765e-05  1.0529693e-05  2.8424952e-05  9.9069054e-06  3.9234625e-05  1.1334135e-05
            400  6.6552974e-05  1.3276311e-05   5.871144e-05  1.2601939e-05  7.2182381e-05  1.3717408e-05
            401  0.00010017437  1.7309483e-05  9.9917686e-05   1.729783e-05  0.00010066954   1.732502e-05
            402   8.552785e-05  1.6400093e-05  8.4883935e-05   1.635634e-05  8.5988013e-05  1.6384327e-05
            403  0.00012600507  1.7568188e-05  0.00012585282  1.7539469e-05  0.00012624329  1.7593908e-05
            404   8.969123e-05  1.5327992e-05   8.463129e-05  1.4806603e-05  9.0344289e-05  1.5400034e-05
            405  4.7104344e-05  1.4300129e-05  4.5585305e-05  1.4127175e-05  5.0432437e-05  1.4680559e-05
            406  0.00010315796  1.6536785e-05  0.00010280528  1.6512548e-05  0.00010355313  1.6561576e-05
            407  6.2974235e-06  3.0934198e-06  5.8229943e-06  2.9361277e-06  1.2768757e-05  4.8711391e-06
            408  6.3345823e-05  1.4437749e-05  6.3288778e-05  1.4438323e-05  6.3472214e-05  1.4424682e-05
            409  0.00013015569  1.7927796e-05  0.00013014956  1.7932894e-05   0.0001302135  1.7941992e-05
            410  6.5091585e-05  1.5352097e-05  6.3339609e-05  1.5183423e-05  6.5791706e-05  1.5432967e-05
            411  4.7672282e-05  1.5701071e-05  4.7436825e-05  1.5669479e-05  4.8292075e-05  1.5746485e-05
            412  2.3492128e-05  6.9014873e-06   4.775454e-06  2.5187752e-06  2.7721531e-05  7.6131355e-06
            413  4.4289584e-05  1.3881682e-05  4.0870264e-05  1.3449226e-05  4.7569985e-05  1.4238866e-05
            414  0.00010371865  1.7410555e-05  0.00010214257  1.7180919e-05  0.00010404506  1.7454192e-05
            415  0.00016053719  2.1411572e-05  0.00016035012  2.1371985e-05  0.00016063702  2.1426482e-05
            416  0.00010584281  1.6377781e-05  0.00010554347  1.6375188e-05  0.00010622055  1.6392483e-05
            417  7.7758751e-05  1.6366947e-05  7.7421929e-05  1.6308121e-05  7.7958719e-05  1.6427933e-05
            418  0.00011135703  1.9768128e-05  0.00011120483  1.9760838e-05  0.00011162888  1.9763834e-05
            419   4.375075e-05  1.3920292e-05  3.2358608e-05  1.2351802e-05  5.1681366e-05  1.4887914e-05
            420  0.00011140493   1.774013e-05  0.00011110701  1.7716607e-05  0.00011140888  1.7744789e-05
            421  9.0179007e-05  1.6987335e-05  8.1367127e-05  1.6278184e-05  9.4871605e-05  1.7353456e-05
            422  8.8384547e-05  1.7276445e-05  8.7552218e-05  1.7193868e-05   8.903467e-05    1.73221e-05
            423  0.00011089034  1.8101515e-05  0.00011072266  1.8107021e-05  0.00011105607  1.8106446e-05
            424  5.5719293e-05  1.3272824e-05 -2.2399123e-07  2.4521601e-06  9.0973653e-05  1.6331171e-05
            425  5.6014548e-05  1.6570693e-05  5.5656584e-05  1.6543097e-05  5.6018187e-05  1.6574924e-05
            426   0.0001199369  1.7588399e-05  0.00011820495    1.74287e-05  0.00012301106  1.7885868e-05
            427  6.2105102e-06  8.5614508e-06  1.3039748e-06  6.3850504e-06  8.8202096e-06  9.3353778e-06
            428  6.8781078e-05  1.6729763e-05  1.9585585e-05  1.0143981e-05  7.6025317e-05  1.7408021e-05
            429  0.00011993118  1.8765216e-05  0.00011866734  1.8621608e-05  0.00012038714  1.8804539e-05
            430  8.8428646e-05  1.7419735e-05  8.7987579e-05  1.7397791e-05  8.8793566e-05  1.7452074e-05
            431  0.00010513723  1.8592226e-05  0.00010510743  1.8594417e-05  0.00010530176  1.8582671e-05
            432  8.9453947e-05  1.8088146e-05  8.7416002e-05  1.7934281e-05  9.1413993e-05  1.8244391e-05
            433  5.5720053e-05  1.3505551e-05  5.4451677e-05  1.3371123e-05  5.6548544e-05  1.3611934e-05
            434  0.00012541916  1.8054055e-05  0.00012337527  1.7854831e-05   0.0001269642  1.8206717e-05
            435  4.2599814e-05  1.4528729e-05  4.1698553e-05  1.4409707e-05  4.3308407e-05  1.4599002e-05
            436  7.7772892e-05  1.7656936e-05  7.6924107e-05  1.7550585e-05  7.9000728e-05   1.777798e-05
            437  9.6882385e-05  2.1355033e-05  9.6563969e-05  2.1305029e-05  9.6919429e-05  2.1363041e-05
            438  9.9867525e-05  1.6354199e-05  9.8735352e-05   1.630027e-05  0.00010061937  1.6394871e-05
            439  5.7561163e-05  1.6867136e-05  5.6833784e-05  1.6814118e-05  5.8186882e-05  1.6891984e-05
            440  7.4107001e-05  1.8178797e-05  7.3753613e-05  1.8155843e-05  7.4526532e-05  1.8201309e-05
            441   7.517448e-05  1.8935206e-05  7.2026562e-05  1.8633514e-05  7.7995856e-05  1.9206731e-05
            442  0.00012176861  2.2367174e-05  0.00012159434  2.2325629e-05  0.00012183379   2.236892e-05
            443  0.00010151196  1.8582717e-05  0.00010104715  1.8546699e-05  0.00010223291   1.864837e-05
            444  4.6938805e-05  1.5892375e-05  4.6010411e-05  1.5780534e-05    4.73537e-05  1.5954916e-05
            445  0.00012028222  1.9450769e-05  0.00012006885  1.9448187e-05  0.00012052415  1.9467799e-05
            446  0.00011184788  1.9214497e-05  0.00011180382  1.9217641e-05  0.00011193728  1.9210773e-05
            447  0.00011036382  1.8780388e-05  0.00010999584   1.874777e-05  0.00011070762  1.8781675e-05
            448  1.6836364e-05  5.6588759e-06  1.3783621e-05  5.1896297e-06  1.8076947e-05  5.9607656e-06
            449  1.9667899e-05  9.4501314e-06 -1.8668255e-06   3.835281e-06  3.9724497e-05  1.5503773e-05
            450  8.3750879e-05   2.038071e-05  8.3596369e-05   2.038647e-05  8.3884754e-05  2.0389241e-05
            451  6.6912988e-05  1.4463841e-05  4.5946655e-05  1.1555746e-05  6.9682638e-05  1.4824044e-05
            452  6.4242264e-07  4.5992628e-06 -6.4566717e-08  3.9900567e-06  3.6357185e-06   6.278453e-06
            453  7.8180427e-06    6.71405e-06  6.6097806e-07  5.6239814e-07  4.0471062e-05  1.2628145e-05
            454  2.2477209e-05  1.3567899e-05  2.0704676e-05  1.3291782e-05  2.2670696e-05  1.3634731e-05
            455  0.00012765468  2.0575232e-05  0.00012738098  2.0580043e-05   0.0001279999  2.0580378e-05
            456  0.00011906248  2.1112844e-05  0.00011881307  2.1089156e-05  0.00011922293  2.1132944e-05
            457  0.00010557998  2.2145052e-05  0.00010545937  2.2140869e-05  0.00010569986  2.2160708e-05
            458  0.00010483639  1.9404196e-05  0.00010457404  1.9348952e-05   0.0001049288  1.9416052e-05
            459   1.203363e-05  5.4712669e-06  3.7698657e-06  2.4413159e-06   1.992843e-05  7.5740176e-06
            460  5.2727116e-05  1.5492674e-05  3.3727018e-05  1.2986244e-05  6.3439175e-05  1.6659769e-05
            461  6.0984408e-06  3.5084859e-06  5.3930186e-06  3.2182259e-06  8.4193387e-06  4.3859962e-06
            462 -7.5323204e-07  1.1680871e-06 -7.6977263e-07  1.2271562e-06  3.6556782e-06   2.203008e-06
            463  5.3581731e-05  1.6229025e-05  5.2963216e-05  1.6184111e-05  5.4259847e-05   1.628734e-05
            464  0.00011582678  2.0930331e-05  0.00011536493  2.0904032e-05  0.00011615905  2.0961472e-05
            465  2.2396354e-07  3.9650264e-06 -5.7196812e-07  6.8589633e-07  4.9828673e-06  2.9910583e-06
            466  0.00011015276  2.0982982e-05  0.00011006395  2.0972412e-05  0.00011035898  2.0979928e-05
            467  0.00013542509  2.6050236e-05  0.00013535711  2.6032494e-05  0.00013545814  2.6053401e-05
            468  6.6664737e-05  1.9865179e-05  6.6617371e-05  1.9846103e-05  6.6741137e-05  1.9893871e-05
            469  0.00010013238  2.0943162e-05  0.00010009511  2.0934671e-05  0.00010019775   2.092822e-05
            470    0.000116006  1.8924555e-05  0.00011573286  1.8906869e-05  0.00011624053  1.8926174e-05
            471  2.2592105e-06  1.7207941e-06 -1.2192031e-06  1.9281259e-06   5.754454e-06  3.5303447e-06
            472  0.00014029911  2.3113317e-05  0.00014021674  2.3098677e-05  0.00014047501  2.3149254e-05
            473  8.2929694e-05  1.9976712e-05  8.2573902e-05  1.9953078e-05    8.32254e-05  2.0016107e-05
            474  6.9199293e-05  1.6304716e-05  6.5898997e-05  1.5982434e-05  7.2661795e-05  1.6615374e-05
            475  8.3919873e-05  1.9109057e-05  8.0649381e-05  1.8623592e-05  8.6416571e-05  1.9458472e-05
            476  4.8461189e-05  1.7108062e-05   4.463402e-05  1.6564163e-05  4.9282553e-05  1.7237017e-05
            477  3.2697241e-05  1.2208356e-05  2.7193169e-05  1.0643835e-05  3.5060124e-05  1.2986065e-05
            478  7.1792315e-05  2.0717202e-05   7.172636e-05  2.0708774e-05  7.2106354e-05  2.0719953e-05
            479  8.4610582e-05  1.9266133e-05  8.3786626e-05  1.9228906e-05  8.5263196e-05  1.9294729e-05
            480  0.00012130095  2.3597416e-05  0.00012100088  2.3541854e-05  0.00012138634  2.3627247e-05
            481   9.186822e-05  2.0353247e-05  9.1471696e-05  2.0321463e-05  9.2248562e-05  2.0392522e-05
            482  0.00011003683  2.3916604e-05  0.00010985432  2.3923828e-05  0.00011035467   2.393354e-05
            483  4.9506871e-05  1.7654834e-05  4.8304245e-05  1.7372531e-05  5.2420533e-05  1.8034985e-05
            484  5.3163631e-06  3.3604379e-06  1.8958991e-06  1.5007425e-06  9.4750156e-06  5.0798535e-06
            485  2.5600957e-05  1.2167871e-05  2.3220955e-05  1.1719866e-05  3.1156072e-05  1.3135954e-05
            486  4.5258004e-05  1.5742446e-05   4.180824e-05  1.4904428e-05  4.6947964e-05  1.6100218e-05
            487  5.7756892e-05  1.9972475e-05  5.7188464e-05  1.9873008e-05  5.8523169e-05  2.0066954e-05
            488  3.7865962e-05  1.2982591e-05  3.5843537e-05  1.2555309e-05  4.1033865e-05  1.3653029e-05
            489  0.00011244979  2.2344104e-05  0.00011191442  2.2284433e-05  0.00011331283  2.2406468e-05
            490   4.712181e-05  1.7453111e-05  3.7764587e-05  1.6047579e-05  5.2522966e-05   1.818956e-05
            491  2.5397632e-05  1.4050535e-05  2.2077012e-05  1.3348228e-05  2.7568092e-05  1.4479272e-05
            492  0.00013174603  2.1895955e-05  0.00013160985  2.1867566e-05  0.00013187995  2.1917565e-05
            493  8.4464969e-05  2.1917118e-05  8.4202568e-05  2.1913676e-05  8.4645264e-05   2.192239e-05
            494  1.6661523e-05  1.0543388e-05  1.2715736e-05  9.5782891e-06  2.0534754e-05  1.1387739e-05
            495  3.3444746e-07  3.1521665e-07 -3.1075351e-07  3.3218349e-07  9.7037357e-07  8.3596031e-07
            496  7.5242957e-05  1.8176718e-05  7.4736917e-05  1.8137039e-05  7.5395749e-05  1.8190014e-05
            497  4.8992543e-05  1.8622522e-05  4.8352087e-05  1.8537288e-05  4.9400082e-05  1.8687044e-05
            498  2.3796048e-05  1.4381778e-05  2.2250247e-05  1.4059108e-05  2.5007968e-05  1.4632276e-05
            499  8.5129773e-05  2.6281097e-05  8.5095625e-05  2.6275239e-05  8.5159508e-05  2.6274663e-05
            500  8.5129773e-05  2.6281097e-05  8.5095625e-05  2.6275239e-05  8.5159508e-05  2.6274663e-05
