# ptHfine-aafid        central        num_err    min (scale)        num_err    max (scale)        num_err
# R2
              0  1.4254487e-05  1.3098031e-05  1.2604458e-05  1.2667876e-05  1.5535533e-05  1.3378274e-05
              1  0.00010478014  1.5954894e-05   0.0001040408  1.5953356e-05  0.00010522279  1.5930613e-05
              2  0.00018530422  1.8750473e-05  0.00018452423  1.8748122e-05  0.00018565128  1.8745263e-05
              3  0.00027581505  2.2456801e-05  0.00027219344  2.2415575e-05  0.00027715877  2.2544823e-05
              4  0.00047700265   2.862373e-05  0.00047466128  2.8522832e-05  0.00047963314   2.873829e-05
              5   0.0005151897  3.0201156e-05  0.00051275703  3.0079249e-05  0.00051744413  3.0311246e-05
              6   0.0005889321   3.223002e-05   0.0005855426  3.2334509e-05  0.00059164815  3.2334452e-05
              7  0.00084666149  3.8461657e-05  0.00084118109  3.8454151e-05  0.00085106437  3.8619011e-05
              8  0.00099229483  4.1922813e-05  0.00098461926  4.2130668e-05   0.0010053259  4.2477738e-05
              9   0.0010365449  4.3001681e-05   0.0010348305   4.294648e-05   0.0010432453  4.3629006e-05
             10   0.0011762708  4.5245714e-05   0.0011691037  4.5049295e-05   0.0011825346  4.5416535e-05
             11   0.0013865522   4.814141e-05   0.0013788872  4.7933797e-05   0.0013944419  4.8408041e-05
             12   0.0014100986  4.9220557e-05   0.0014021507  4.9006496e-05   0.0014171442  4.9409004e-05
             13   0.0016030059  5.2599984e-05   0.0015954276   5.253582e-05   0.0016339289  5.3516003e-05
             14   0.0016851122   5.508765e-05   0.0016751871  5.4848831e-05   0.0016938245  5.5318242e-05
             15   0.0018713454  5.6950148e-05   0.0018606317  5.6702207e-05   0.0018811996  5.7180149e-05
             16   0.0019169866  5.8896952e-05   0.0019055497  5.8630414e-05   0.0019263176  5.9115381e-05
             17   0.0019960103  5.9186591e-05   0.0019804104  5.9075392e-05   0.0020067096  5.9755677e-05
             18   0.0022776189  6.3956608e-05   0.0022601501  6.3299046e-05   0.0022960815  6.4552923e-05
             19   0.0022380279  6.2155041e-05   0.0022235604  6.2259905e-05    0.002248758  6.2390963e-05
             20   0.0022605871  6.2676546e-05   0.0022483627   6.257677e-05   0.0022759588  6.3335531e-05
             21   0.0024730262  6.5530649e-05   0.0024607365   6.534931e-05   0.0024941866   6.596278e-05
             22   0.0025578963  6.7121495e-05   0.0025416231  6.6798858e-05   0.0025767187  6.7535356e-05
             23   0.0027111212   6.925596e-05   0.0026941075  6.8921191e-05   0.0027341387  6.9764617e-05
             24   0.0026361246  6.7636689e-05   0.0026199812  6.7330675e-05   0.0026567485  6.8048588e-05
             25   0.0029322154  7.2295476e-05   0.0029144252  7.1964737e-05   0.0029616274  7.2879047e-05
             26   0.0029623401  7.2297982e-05   0.0029433833  7.1963015e-05   0.0029863766  7.2846966e-05
             27   0.0030676483  7.3671496e-05   0.0030483997  7.3320556e-05   0.0030995424  7.4313656e-05
             28    0.003098708   7.378033e-05   0.0030796176  7.3452034e-05   0.0031289675  7.4456196e-05
             29   0.0032970259  7.6512566e-05   0.0032758459  7.6140433e-05   0.0033286534  7.7422375e-05
             30   0.0032053006  7.4553384e-05   0.0031953265  7.4359132e-05   0.0032655578  7.5940094e-05
             31   0.0034894082  7.8784589e-05   0.0034683668  7.8439479e-05   0.0035176141  7.9823166e-05
             32   0.0035796027  7.9329858e-05   0.0035577305   7.896346e-05    0.003618623  8.0028802e-05
             33    0.003439712   7.723242e-05   0.0034188961  7.6855188e-05    0.003478617  7.7956297e-05
             34   0.0036033389  8.0543403e-05   0.0035816205  8.0159981e-05   0.0036449376  8.1428882e-05
             35   0.0036165949  7.9727985e-05   0.0035946391  7.9315084e-05   0.0036546824  8.0500383e-05
             36   0.0036921253  8.1343663e-05    0.003668194  8.0945723e-05   0.0037355569  8.2165418e-05
             37   0.0039412772  8.2333112e-05   0.0039174046  8.1910663e-05   0.0039858293  8.3140994e-05
             38   0.0036416912  8.0319456e-05   0.0036180627  7.9899209e-05   0.0036835899   8.108954e-05
             39   0.0037578371  8.1886929e-05   0.0037337699  8.1487039e-05   0.0038066624  8.3055329e-05
             40   0.0036777129  8.1904424e-05   0.0036543671  8.1518591e-05   0.0037194881  8.2662045e-05
             41   0.0038897817  8.2392084e-05   0.0038591151   8.210012e-05   0.0039277535  8.3488419e-05
             42   0.0039779232  8.4109838e-05    0.003951561  8.3692464e-05   0.0040273373   8.492837e-05
             43   0.0039587274  8.3570343e-05   0.0039353156   8.318269e-05   0.0040057747   8.441304e-05
             44   0.0040549763  8.4794322e-05   0.0040290579  8.4395446e-05   0.0041074926  8.5783933e-05
             45   0.0041993378  8.6862807e-05   0.0041733852  8.6421965e-05   0.0042514516   8.778616e-05
             46   0.0042795074   8.657818e-05   0.0042536846  8.6194022e-05   0.0043351163  8.7792813e-05
             47   0.0043290146  8.7130849e-05   0.0042840328  8.6964088e-05   0.0043657636  8.8418374e-05
             48   0.0043210831  8.7430163e-05   0.0042940924  8.7004396e-05   0.0043744387  8.8352688e-05
             49   0.0043791597  8.6952988e-05   0.0043534654  8.6527947e-05   0.0044330171  8.7935556e-05
             50   0.0043470828  8.6821305e-05   0.0043210716  8.6427577e-05    0.004401898  8.7854131e-05
             51   0.0041828978  8.6577927e-05   0.0041562331  8.6142748e-05   0.0042332282  8.7507789e-05
             52    0.004319607  8.7275079e-05   0.0042924482  8.6851225e-05   0.0043751094  8.8351239e-05
             53   0.0045424234  8.9698433e-05   0.0045123098  8.9244648e-05   0.0046000799  9.0682379e-05
             54   0.0043553822  8.7948004e-05    0.004327142  8.7546515e-05    0.004412416  8.9036673e-05
             55   0.0044221029  8.8047848e-05   0.0043978922  8.7781119e-05   0.0044824465  8.9091431e-05
             56   0.0044337897  8.9467733e-05   0.0044103676  8.9113188e-05   0.0044924819  9.0719681e-05
             57   0.0045804359  8.9892284e-05   0.0045516658   8.943947e-05   0.0046439772   9.098263e-05
             58   0.0045343596  8.9563764e-05   0.0045089543  8.9209341e-05    0.004593357  9.1041091e-05
             59   0.0043324035  8.8030296e-05   0.0043061235  8.7594707e-05   0.0043895925  8.9052215e-05
             60   0.0044626595  8.8853451e-05   0.0044354595  8.8421299e-05   0.0045210236  8.9858048e-05
             61   0.0045040183  8.9970758e-05   0.0044780027  8.9581487e-05   0.0045625207  9.1103179e-05
             62   0.0044063617  8.7738321e-05   0.0043792312  8.7302639e-05   0.0044608477  8.8651961e-05
             63   0.0045862037  9.0659179e-05   0.0045586358  9.0240175e-05   0.0046454978  9.1640265e-05
             64   0.0045125775  8.9789167e-05   0.0044733262  8.9614565e-05   0.0045715061  9.0758828e-05
             65    0.004451525  8.8249412e-05   0.0044183416  8.7788258e-05    0.004505036  8.9238219e-05
             66    0.004606116  9.0094124e-05   0.0045771837  8.9970872e-05   0.0046684035  9.1530522e-05
             67   0.0044915674    8.86176e-05   0.0044649086   8.819335e-05   0.0045452119  8.9532929e-05
             68    0.004477094  8.9384813e-05   0.0044510366   8.897665e-05   0.0045340627  9.1009417e-05
             69   0.0044106597  8.8789727e-05    0.004385942  8.8407733e-05   0.0044695529  9.0092243e-05
             70   0.0044225606  8.9231482e-05   0.0043960243  8.8814382e-05   0.0044786606  9.0208697e-05
             71   0.0044814237  8.8367009e-05    0.004453586  8.7926233e-05   0.0045401422  8.9564855e-05
             72   0.0044006584  8.8437791e-05    0.004373963  8.8026513e-05   0.0044610876  8.9478587e-05
             73   0.0043646771  8.8446394e-05   0.0043377059  8.8015707e-05   0.0044196892  8.9538311e-05
             74   0.0043983033   8.816619e-05   0.0043740599   8.780116e-05   0.0044537861  8.9263902e-05
             75   0.0045040864  8.8715428e-05   0.0044765678  8.8297859e-05   0.0045690247  8.9821612e-05
             76   0.0043617163   8.767644e-05   0.0043348955  8.7445589e-05   0.0044087496   8.914933e-05
             77   0.0045013221  8.8537838e-05   0.0044734908  8.8095687e-05   0.0045582659  8.9646783e-05
             78   0.0045237094   8.977749e-05   0.0044991033  8.9398368e-05    0.004583913  9.0893841e-05
             79    0.004370453  8.7668075e-05    0.004334501  8.7535955e-05   0.0044173683  8.8920257e-05
             80    0.004313025  8.7325663e-05   0.0042870784  8.6913411e-05   0.0043700576  8.8357082e-05
             81   0.0043518388  8.7808299e-05   0.0043260212  8.7761488e-05   0.0044040747  8.8728247e-05
             82   0.0043769862  8.7852416e-05   0.0043515068  8.7470608e-05    0.004433787  8.8881173e-05
             83      0.0044169  8.9548223e-05   0.0043878512  8.9079516e-05   0.0044711223  9.0652485e-05
             84   0.0042447064  8.6845298e-05   0.0042187829   8.643484e-05   0.0043008582  8.7879816e-05
             85   0.0041039839  8.5775426e-05   0.0040795439  8.5362957e-05   0.0041559957  8.6706161e-05
             86   0.0042886833  8.7359373e-05   0.0042630168  8.6949626e-05   0.0043441104  8.8464817e-05
             87   0.0043564357  8.7583856e-05   0.0043315542  8.7198937e-05   0.0044093209  8.8576612e-05
             88   0.0040688342  8.5052204e-05   0.0040440831   8.461085e-05   0.0041201435  8.5952698e-05
             89   0.0039945338  8.3476456e-05    0.003970854  8.3092335e-05    0.004043739  8.4365152e-05
             90   0.0041069736  8.5522511e-05   0.0040824458  8.5154126e-05    0.004161987  8.6666524e-05
             91   0.0040300332  8.3694678e-05   0.0040098599  8.3907691e-05   0.0040794608  8.5142351e-05
             92   0.0041245509  8.5189617e-05   0.0041012006  8.4779253e-05   0.0041759779   8.618341e-05
             93   0.0040171893  8.3675438e-05   0.0039944564  8.3298614e-05   0.0040635882  8.4533448e-05
             94     0.00386704  8.2288541e-05   0.0038435546  8.1905096e-05   0.0039159324  8.3165592e-05
             95   0.0038663282  8.1948257e-05   0.0038447813  8.1576173e-05   0.0039091904   8.285478e-05
             96   0.0037237518  8.0783206e-05   0.0037018567    8.03921e-05   0.0037633848  8.1592376e-05
             97    0.003720475  8.1983329e-05    0.003698305   8.157653e-05    0.003760475  8.3113392e-05
             98   0.0036736186  8.0882691e-05   0.0036530604  8.0524187e-05    0.003716216  8.1737455e-05
             99   0.0035930609  8.0469136e-05   0.0035751088  8.0322556e-05   0.0036347966  8.1496936e-05
            100   0.0035453436  7.8457299e-05   0.0035253042  7.8142447e-05   0.0035810758  7.9395417e-05
            101   0.0037278537  8.0826686e-05   0.0037011567  8.0762793e-05   0.0037638459  8.1753956e-05
            102   0.0038444135  8.1713697e-05   0.0038204222  8.1281245e-05   0.0038792627  8.2518296e-05
            103    0.003544511  7.8843963e-05   0.0035259877  7.8449881e-05   0.0035860767  7.9672322e-05
            104   0.0035182062  7.8262266e-05   0.0034971705  7.8004818e-05    0.003543098  7.9353404e-05
            105   0.0034432408  7.7984767e-05   0.0034242415  7.7623333e-05   0.0034794929   7.871231e-05
            106   0.0033875184  7.6842126e-05   0.0033664773  7.6647318e-05   0.0034292028  7.7988714e-05
            107   0.0034237234  7.9516276e-05   0.0034028486  7.9142827e-05   0.0034605341  8.0248901e-05
            108   0.0033180703   7.615331e-05   0.0032985964  7.5783888e-05   0.0033522647  7.6823657e-05
            109   0.0033896424   7.736813e-05   0.0033697722  7.7012793e-05   0.0034242989  7.8058082e-05
            110    0.003352629  7.7502713e-05   0.0033340441   7.716042e-05   0.0033890327  7.8245784e-05
            111   0.0033825884  7.7036678e-05    0.003364152   7.668231e-05   0.0034191124  7.7720075e-05
            112   0.0033142748  7.6800481e-05   0.0032940686  7.6437746e-05     0.00334904  7.7510597e-05
            113   0.0033245796  7.4960727e-05   0.0033065981  7.4615894e-05   0.0033565046  7.5715401e-05
            114   0.0033332247  7.6392844e-05   0.0033143196  7.6042834e-05   0.0033682403  7.7084824e-05
            115   0.0031292387  7.3787496e-05   0.0031049562  7.3723109e-05   0.0031530947  7.4668676e-05
            116   0.0031496436   7.544882e-05   0.0031313115  7.5100588e-05   0.0031793368  7.6101782e-05
            117   0.0031724941  7.4124999e-05   0.0031567835  7.3888422e-05   0.0031957887  7.4819483e-05
            118   0.0030521613  7.3201969e-05   0.0030339596  7.2850868e-05   0.0030779787  7.3823125e-05
            119   0.0030890294  7.2988273e-05   0.0030769112  7.2765545e-05   0.0031215912  7.3725317e-05
            120   0.0029775287  7.2319217e-05   0.0029663517  7.2099683e-05   0.0030060017  7.3172825e-05
            121   0.0030443537  7.3652082e-05   0.0030161953  7.3505297e-05   0.0030648079  7.4714491e-05
            122   0.0030501601  7.2361755e-05   0.0030313792  7.1997449e-05   0.0030721514  7.3160693e-05
            123   0.0028939131  7.0976317e-05   0.0028700189  7.0941695e-05   0.0029165596  7.1910011e-05
            124   0.0029396196   7.160344e-05   0.0029230123  7.1279803e-05   0.0029670743  7.2181233e-05
            125   0.0029950545  7.1498346e-05   0.0029784989  7.1299393e-05   0.0030144481  7.2143547e-05
            126   0.0029733504  7.1457399e-05   0.0029566274  7.1125031e-05   0.0029969773  7.1972927e-05
            127   0.0029704907  7.2104156e-05   0.0029533801  7.1752664e-05   0.0030001153  7.2778135e-05
            128   0.0028066464  7.0013337e-05   0.0027911364  6.9689414e-05   0.0028308273  7.0557868e-05
            129   0.0028891283  7.1078736e-05   0.0028696561  7.0970921e-05   0.0029078458   7.188792e-05
            130   0.0028787202  7.0728241e-05   0.0028622753  7.0395896e-05   0.0029047295  7.1254174e-05
            131   0.0027475951   6.865719e-05    0.002738049  6.8467844e-05   0.0027778019  6.9519998e-05
            132   0.0027958183  6.9461038e-05   0.0027808837  6.9184025e-05   0.0028263273  7.0462522e-05
            133   0.0027038959  6.8921886e-05   0.0026881096  6.8609868e-05   0.0027256828  6.9381385e-05
            134   0.0028194858  6.9421646e-05   0.0028031954  6.9089967e-05   0.0028429693  6.9902232e-05
            135   0.0027285465  6.9019806e-05   0.0027126464  6.8701968e-05   0.0027517217   6.947601e-05
            136   0.0027084601  6.7578664e-05    0.002694301  6.7281863e-05   0.0027292995  6.8031206e-05
            137   0.0026823346  6.7526463e-05   0.0026663334  6.7193987e-05   0.0027014644  6.8005511e-05
            138   0.0025543059  6.7351565e-05   0.0025402682  6.7048604e-05   0.0025785122  6.7860049e-05
            139   0.0025154022  6.6358472e-05   0.0024999646  6.6025439e-05   0.0025397481  6.6904353e-05
            140   0.0024554939  6.5767364e-05   0.0024426314  6.5486114e-05   0.0024754491  6.6272304e-05
            141   0.0024093711  6.5341446e-05   0.0023988261  6.5145782e-05   0.0024288283  6.5919726e-05
            142    0.002377351  6.4470959e-05    0.002363925  6.4171692e-05   0.0023959337  6.4884887e-05
            143   0.0023822929  6.5053204e-05   0.0023699342   6.477034e-05   0.0024035862  6.5564919e-05
            144   0.0023022661  6.4071449e-05   0.0022837688  6.3748032e-05   0.0023368216  6.4908898e-05
            145   0.0023975447  6.4176419e-05   0.0023838688  6.3889437e-05   0.0024162214  6.4597439e-05
            146   0.0024872501  6.6103402e-05   0.0024736774  6.5810155e-05   0.0025061462  6.6560711e-05
            147   0.0023570603  6.3525355e-05   0.0023457051  6.3002873e-05    0.002375301   6.374725e-05
            148   0.0021978028  6.1941596e-05   0.0021852941  6.1652069e-05   0.0022125353  6.2313101e-05
            149   0.0022775617  6.2388629e-05   0.0022646361  6.2090706e-05   0.0022917337  6.2740807e-05
            150   0.0022544782  6.3036939e-05   0.0022459107  6.2827125e-05   0.0022703983   6.358502e-05
            151   0.0021182826   6.108213e-05   0.0021065979  6.0788846e-05    0.002132762   6.144623e-05
            152    0.002151462  6.1853639e-05   0.0021408708  6.1664807e-05   0.0021693441  6.2301487e-05
            153   0.0022591273  6.2655292e-05   0.0022456792  6.2359003e-05   0.0022743237  6.3037716e-05
            154   0.0021011846  6.1248628e-05   0.0020887018  6.1243028e-05   0.0021143063  6.1893624e-05
            155   0.0021496541  6.2147514e-05   0.0021371832  6.1842822e-05   0.0021629338  6.2577956e-05
            156   0.0021851885  6.1950273e-05   0.0021730034  6.1639773e-05   0.0021982595  6.2318505e-05
            157   0.0019372292  5.9726699e-05   0.0019263093  5.9462044e-05   0.0019488038  6.0055342e-05
            158   0.0019821984  5.8752527e-05   0.0019712965  5.8482092e-05   0.0019942793  5.9027245e-05
            159   0.0020566424  6.0186538e-05   0.0020443167  5.9883204e-05   0.0020637524  6.0365706e-05
            160   0.0020148839  5.8805548e-05   0.0020041039  5.8552996e-05   0.0020276072  5.9168641e-05
            161      0.0021089  6.0422752e-05   0.0020978398  6.0133602e-05   0.0021231762  6.0833417e-05
            162   0.0020563261  5.9192872e-05    0.002045429  5.8915186e-05    0.002070227  5.9556456e-05
            163   0.0018945683   5.775663e-05   0.0018838246  5.7481036e-05   0.0019058274  5.8035937e-05
            164   0.0019321203  5.8253496e-05   0.0019214087  5.7997048e-05   0.0019440043  5.8565644e-05
            165   0.0019288558  5.7859872e-05   0.0019198892  5.7631527e-05    0.001942667  5.8211862e-05
            166   0.0018781028  5.7653799e-05   0.0018675681  5.7402431e-05   0.0018890721  5.7966768e-05
            167   0.0018158316  5.6533011e-05   0.0018053592  5.6276206e-05    0.001829004   5.691029e-05
            168   0.0018939125  5.6480744e-05   0.0018841116  5.6230096e-05   0.0019056711  5.6743385e-05
            169   0.0018696517  5.6902884e-05   0.0018587367  5.6645764e-05   0.0018778494  5.7162331e-05
            170    0.001743965  5.5270174e-05   0.0017345812  5.5033004e-05   0.0017515667  5.5477215e-05
            171   0.0018419085  5.6311937e-05   0.0018260476  5.6208233e-05   0.0018480838  5.6456527e-05
            172   0.0017583592  5.5370632e-05   0.0017492486  5.5132892e-05   0.0017655864   5.584799e-05
            173    0.001737859  5.4538582e-05    0.001727563  5.4262033e-05   0.0017450736  5.4744056e-05
            174   0.0017527843  5.4764283e-05    0.001743439  5.4516872e-05   0.0017618377  5.5029459e-05
            175   0.0016389739  5.4025778e-05   0.0016257828  5.3828524e-05   0.0016449605  5.4498983e-05
            176   0.0017643994  5.4952085e-05   0.0017534168  5.4643772e-05   0.0017727721  5.5152431e-05
            177   0.0016216231  5.3403569e-05   0.0016122165  5.3144479e-05   0.0016289899  5.3612555e-05
            178    0.001681882  5.3470263e-05   0.0016733395   5.322436e-05     0.00169117  5.3766305e-05
            179   0.0016378404  5.2838326e-05   0.0016329687  5.2744642e-05   0.0016495016  5.3234193e-05
            180   0.0016652809   5.281746e-05   0.0016560208  5.2560828e-05   0.0016725905  5.3030986e-05
            181   0.0015237308  5.1792035e-05   0.0015140258  5.1500951e-05    0.001530116  5.2014863e-05
            182   0.0015622342  5.1915649e-05     0.00155419  5.1708737e-05   0.0015704523  5.2195124e-05
            183   0.0014665781  5.1528889e-05     0.00145887  5.1289851e-05    0.001472566  5.1733512e-05
            184   0.0015042214  5.1423416e-05   0.0014955948  5.1189677e-05   0.0015130001  5.1683575e-05
            185   0.0014434244   4.948439e-05   0.0014359185  4.9267325e-05    0.001448481  4.9628505e-05
            186    0.001399723  4.9658291e-05   0.0013922921  4.9446651e-05   0.0014063014  4.9900138e-05
            187   0.0015466211  5.1206227e-05    0.001537401  5.0943126e-05   0.0015538777  5.1432179e-05
            188   0.0013555492  4.8458637e-05   0.0013477726  4.8323467e-05   0.0013598283  4.8731652e-05
            189   0.0014981492  5.0089634e-05   0.0014901419  4.9860562e-05   0.0015043529  5.0272303e-05
            190   0.0014076693  4.9815941e-05   0.0014008336  4.9591676e-05   0.0014156327  5.0072457e-05
            191   0.0012572452  4.6735218e-05   0.0012514239  4.6536026e-05   0.0012633018  4.6887189e-05
            192   0.0012989926  4.8026807e-05    0.001291062  4.7794087e-05    0.001309306  4.8334157e-05
            193   0.0013141131  4.8174744e-05   0.0013072147  4.7972973e-05   0.0013176265  4.8287149e-05
            194   0.0013210658  4.7951641e-05   0.0013143257  4.7739292e-05   0.0013274488  4.8121986e-05
            195   0.0012653685  4.6148678e-05   0.0012593696  4.5950167e-05   0.0012700476  4.6302729e-05
            196   0.0013010093  4.7409429e-05   0.0012972928  4.7259883e-05   0.0013068839  4.7585688e-05
            197   0.0013296701  4.7050221e-05   0.0013225134  4.6825664e-05    0.001334142  4.7196066e-05
            198   0.0011960219  4.6128322e-05   0.0011900906  4.5944231e-05   0.0012005099  4.6403219e-05
            199    0.001247421  4.7126756e-05   0.0012413905  4.6931828e-05   0.0012506278  4.7243201e-05
            200   0.0011901686  4.5297287e-05   0.0011836327  4.5096495e-05   0.0011936683  4.5440137e-05
            201   0.0012019946  4.4830179e-05   0.0011958142  4.4632574e-05   0.0012065028  4.4981341e-05
            202   0.0011872331  4.5217419e-05   0.0011837987   4.513866e-05   0.0011952879  4.5632792e-05
            203   0.0011697138  4.5201924e-05   0.0011643817  4.5018809e-05   0.0011740917  4.5332579e-05
            204   0.0011935077  4.4428876e-05    0.001184597  4.4361187e-05   0.0011967129  4.4748743e-05
            205   0.0011861638  4.4780453e-05    0.001179547   4.455841e-05   0.0011900178  4.4905562e-05
            206    0.001065769  4.2709765e-05   0.0010608378  4.2535565e-05     0.00106996   4.289451e-05
            207   0.0011223045  4.3527757e-05   0.0011160931  4.3331266e-05   0.0011263028  4.3664728e-05
            208   0.0010453963  4.2410612e-05   0.0010407558  4.2233215e-05   0.0010490825  4.2548498e-05
            209   0.0010364099   4.223426e-05    0.001030674  4.2036906e-05   0.0010397259  4.2352396e-05
            210  0.00099334374  4.2118837e-05  0.00098784934  4.1964166e-05  0.00099688609  4.2215579e-05
            211   0.0010460757  4.2850772e-05   0.0010404743  4.2678009e-05   0.0010496466  4.2949272e-05
            212   0.0010787459  4.3187926e-05    0.001073427  4.3010108e-05   0.0010824199  4.3328982e-05
            213   0.0010178754  4.1808422e-05   0.0010126701   4.164487e-05   0.0010216275  4.1923335e-05
            214   0.0010443644  4.3309508e-05   0.0010385173  4.3118523e-05   0.0010476251  4.3389458e-05
            215  0.00099749474  4.1386818e-05  0.00099352425  4.1228811e-05   0.0010000959  4.1465985e-05
            216   0.0010224101  4.2038142e-05   0.0010163264  4.1823755e-05   0.0010258277  4.2146143e-05
            217   0.0010046418  4.1046666e-05   0.0010005869  4.0902229e-05    0.001008461  4.1164522e-05
            218  0.00098417073  4.0361796e-05  0.00098096733  4.0202917e-05  0.00098833701   4.046616e-05
            219   0.0010052108  4.1233682e-05   0.0010004931  4.1079324e-05   0.0010078618  4.1317514e-05
            220  0.00084949638  3.8845956e-05  0.00084600147  3.8720541e-05  0.00085179717  3.8945463e-05
            221  0.00089988634  3.9642527e-05  0.00089586229  3.9479752e-05  0.00090196624  3.9721469e-05
            222  0.00079165525  3.7367534e-05  0.00078883102  3.7236065e-05  0.00079326268  3.7459405e-05
            223  0.00085586205  3.7743825e-05  0.00085224291  3.7576224e-05   0.0008580607   3.785758e-05
            224   0.0008811762  3.8833754e-05  0.00087702666  3.8662695e-05  0.00088380915   3.895282e-05
            225  0.00088494739  3.8565578e-05  0.00088081316  3.8394901e-05  0.00088789588  3.8640785e-05
            226  0.00078864662  3.6508848e-05  0.00078474999  3.6417076e-05  0.00079117305  3.6614541e-05
            227  0.00083718929  3.9152601e-05   0.0008332525  3.8995452e-05  0.00083974673  3.9254032e-05
            228  0.00083299867  3.8091381e-05  0.00082925013  3.7949176e-05   0.0008348924  3.8218651e-05
            229  0.00078233668  3.7579826e-05  0.00077918224  3.7428599e-05  0.00078534603  3.7688457e-05
            230  0.00084654089  3.7982712e-05  0.00084239022  3.7827759e-05   0.0008484021  3.8080237e-05
            231  0.00086391744  3.7661682e-05  0.00086009919  3.7528954e-05  0.00086618453  3.7758135e-05
            232   0.0008244593  3.7696172e-05   0.0008206779  3.7551389e-05  0.00082661884    3.77861e-05
            233  0.00075206605   3.642074e-05  0.00074900253  3.6287753e-05  0.00075397438  3.6506497e-05
            234  0.00076038557  3.5615312e-05  0.00075702011  3.5474397e-05  0.00076229083  3.5698064e-05
            235  0.00064852825   3.413039e-05  0.00064309868  3.3997342e-05  0.00065116111  3.4257202e-05
            236  0.00074352785  3.5668581e-05  0.00074124883  3.5543455e-05   0.0007454688  3.5758071e-05
            237  0.00064849164  3.4099331e-05  0.00064674485  3.3984094e-05  0.00064973234  3.4174862e-05
            238  0.00068585562  3.4531747e-05  0.00068368293  3.4399326e-05  0.00068830103  3.4603168e-05
            239  0.00071551098  3.4880036e-05  0.00071335337  3.4776829e-05   0.0007173252  3.4957437e-05
            240  0.00062346883  3.3387597e-05  0.00062181228  3.3265029e-05   0.0006252578  3.3428493e-05
            241  0.00067524923   3.438453e-05  0.00067265066  3.4267971e-05  0.00067652984  3.4455614e-05
            242  0.00069391854  3.4078767e-05  0.00069050448  3.3927438e-05  0.00069638819   3.418224e-05
            243  0.00067365616  3.4337905e-05  0.00067079772  3.4210158e-05  0.00067553147  3.4408316e-05
            244  0.00060814606  3.2570929e-05  0.00060545028  3.2462521e-05  0.00060999123   3.264342e-05
            245  0.00061717916  3.2836276e-05  0.00061462415  3.2735415e-05  0.00061887346  3.2888503e-05
            246  0.00057396958  3.1410254e-05  0.00057198746  3.1285704e-05  0.00057534942  3.1432578e-05
            247  0.00069472945  3.3586614e-05  0.00069221364  3.3480114e-05  0.00069599352  3.3643914e-05
            248  0.00062414833  3.3696846e-05   0.0006231823  3.3642166e-05  0.00063017333  3.3962585e-05
            249  0.00063413556  3.3438215e-05  0.00063208077  3.3341365e-05  0.00063505982  3.3493845e-05
            250  0.00059087012  3.2065652e-05  0.00058780532  3.1935938e-05  0.00059336249  3.2155683e-05
            251  0.00053171344  3.0643395e-05  0.00052963156  3.0535251e-05  0.00053342818  3.0725127e-05
            252  0.00072474449  3.5233525e-05  0.00072142391  3.5092825e-05   0.0007264652  3.5304288e-05
            253  0.00054988428  3.1416919e-05  0.00054772448  3.1290302e-05  0.00055104651  3.1498197e-05
            254   0.0005004043  2.9707854e-05   0.0004984238  2.9613978e-05  0.00050175183  2.9778563e-05
            255    0.000533306  3.0652348e-05  0.00053047923  3.0549074e-05  0.00053422326  3.0704495e-05
            256  0.00052619197  3.0274515e-05  0.00052433428  3.0189925e-05  0.00052732877  3.0326062e-05
            257  0.00055012576  3.0946777e-05  0.00054884114  3.0853214e-05  0.00055086383  3.1005802e-05
            258  0.00055576166  3.0288551e-05  0.00055406464   3.018319e-05  0.00055694881  3.0372999e-05
            259  0.00050524198  3.0163879e-05  0.00050378189  3.0083299e-05  0.00050595569  3.0182681e-05
            260  0.00051244681  2.9485465e-05  0.00050993196  2.9373106e-05  0.00051374235  2.9544494e-05
            261  0.00054408522  3.0266589e-05  0.00054203293  3.0159835e-05  0.00054555948  3.0350964e-05
            262  0.00056848957  3.0815734e-05  0.00056695128  3.0726922e-05  0.00057009338  3.0888368e-05
            263  0.00048854335   2.982109e-05  0.00048748655  2.9733607e-05  0.00048948932   2.987124e-05
            264  0.00052387064  2.9029183e-05  0.00052222539  2.8924251e-05   0.0005248236  2.9094224e-05
            265  0.00046810359  2.8587298e-05  0.00046677428  2.8514176e-05  0.00046925045  2.8641562e-05
            266  0.00055507409  3.0727155e-05  0.00055288959  3.0620006e-05  0.00055652999  3.0806272e-05
            267  0.00045260962  2.8275294e-05  0.00045051409  2.8171483e-05  0.00045375699  2.8309864e-05
            268  0.00048617324  2.9165034e-05  0.00048541809  2.9088285e-05  0.00048669032  2.9194637e-05
            269  0.00043893937  2.6984703e-05  0.00043775442  2.6901516e-05  0.00043970729  2.7044039e-05
            270  0.00046932468  2.8160668e-05  0.00046740422   2.806889e-05   0.0004705975  2.8216489e-05
            271   0.0004396976  2.8030977e-05  0.00043755309  2.7928373e-05  0.00044096824  2.8096392e-05
            272  0.00041162753  2.6270784e-05  0.00041018984  2.6196723e-05  0.00041206126  2.6295079e-05
            273  0.00039671846  2.6345896e-05  0.00039612387  2.6301875e-05   0.0003982384  2.6383079e-05
            274  0.00040286059  2.6394422e-05  0.00040084437  2.6285804e-05  0.00040400874  2.6458591e-05
            275  0.00035661258  2.5773747e-05  0.00035535667  2.5681128e-05  0.00035739705  2.5820835e-05
            276  0.00040380689  2.5543149e-05  0.00040292176  2.5471579e-05  0.00040454516  2.5563129e-05
            277  0.00035588632  2.5010929e-05  0.00035562635  2.5021661e-05   0.0003567101  2.5050058e-05
            278  0.00032387651  2.3691947e-05  0.00032365497  2.3698109e-05  0.00032399331  2.3662505e-05
            279  0.00041016483   2.642919e-05  0.00040311365  2.6266324e-05  0.00041060005  2.6477912e-05
            280  0.00038250623  2.6555885e-05  0.00038151349  2.6485899e-05  0.00038344001  2.6587868e-05
            281  0.00026830182  2.2222941e-05  0.00026646429  2.2147662e-05  0.00027118059  2.2304805e-05
            282  0.00042341924  2.6651362e-05  0.00042176319  2.6554699e-05  0.00042468225  2.6724984e-05
            283  0.00034210737  2.4581262e-05  0.00034181054  2.4533413e-05   0.0003424378  2.4606387e-05
            284  0.00027768366  2.3004909e-05  0.00027732749  2.3006813e-05  0.00027807046  2.3040755e-05
            285  0.00034715707  2.3759927e-05  0.00034182211  2.3540554e-05  0.00034739501   2.377578e-05
            286  0.00028680416  2.3011214e-05   0.0002862392  2.2961136e-05  0.00028713835  2.3036889e-05
            287  0.00034659971  2.4524807e-05  0.00034584785  2.4445942e-05  0.00034720668  2.4545791e-05
            288  0.00032275528  2.3450624e-05  0.00032153733  2.3373461e-05  0.00032351573  2.3499521e-05
            289  0.00024074132  2.0986699e-05  0.00023554645  2.0803597e-05   0.0002448637  2.1151812e-05
            290  0.00032403577  2.4141781e-05  0.00032310593  2.4085102e-05  0.00032461499  2.4183828e-05
            291  0.00035029491  2.3799862e-05  0.00034920581    2.37337e-05  0.00035100944   2.384286e-05
            292  0.00038428458  2.5678492e-05  0.00038305005  2.5600384e-05  0.00038491522  2.5716337e-05
            293  0.00033498597  2.4505217e-05  0.00033428659  2.4427657e-05  0.00033543791  2.4513605e-05
            294  0.00032719502  2.4136656e-05  0.00032596312  2.4058034e-05  0.00032883994  2.4188506e-05
            295  0.00020050717  2.0270063e-05  0.00019763575  2.0159409e-05  0.00020203745  2.0353183e-05
            296  0.00030072284  2.2806153e-05  0.00030029925  2.2756069e-05  0.00030088338   2.281524e-05
            297  0.00027767962  2.2814848e-05  0.00027724695  2.2773937e-05  0.00027804845  2.2857003e-05
            298  0.00028889642    2.31223e-05  0.00028843065  2.3076658e-05  0.00028920895  2.3145717e-05
            299  0.00024082996  2.1176403e-05  0.00024029478  2.1246027e-05  0.00024124778   2.121036e-05
            300  0.00031232847  2.2834076e-05  0.00031134725   2.276041e-05   0.0003130592  2.2884904e-05
            301  0.00030025331   2.269442e-05  0.00029970466  2.2646384e-05  0.00030076312  2.2721039e-05
            302  0.00024504914  2.1860513e-05  0.00024476855  2.1826016e-05  0.00024543513  2.1879316e-05
            303     0.00019262  2.0064568e-05  0.00018914014  1.9904411e-05  0.00019353519  2.0097278e-05
            304  0.00026745925  2.1774154e-05  0.00026710104  2.1722182e-05  0.00026773808   2.178181e-05
            305  0.00024786599  2.0604394e-05  0.00024746006  2.0560193e-05  0.00024810918  2.0626712e-05
            306  4.9910498e-05   8.595749e-06  3.0446423e-05  6.5241833e-06  6.4702335e-05    9.93028e-06
            307  0.00019452231  1.9576571e-05  0.00019435842  1.9582345e-05  0.00019473865  1.9597194e-05
            308   0.0002774931  2.1452033e-05  0.00027720039  2.1405953e-05   0.0002776407  2.1463139e-05
            309  0.00023238835  2.1075797e-05  0.00023195905  2.1089455e-05  0.00023299254  2.1093942e-05
            310  0.00023929114  2.0897695e-05  0.00023886814  2.0876383e-05  0.00023999242  2.0915928e-05
            311  0.00019845118  1.8686691e-05  0.00019654439  1.8624293e-05  0.00020028939  1.8764446e-05
            312  0.00026252702  2.1478851e-05  0.00026187585  2.1438019e-05  0.00026291846  2.1504736e-05
            313  0.00024196904  1.9927161e-05  0.00017740736  1.7290005e-05  0.00026577688  2.0799054e-05
            314  0.00018034244  1.8747482e-05  0.00017813594  1.8649868e-05  0.00018294791  1.8886111e-05
            315  0.00024446382  2.1092395e-05  0.00024226857  2.1019257e-05  0.00024594751  2.1127212e-05
            316  0.00027693958  2.1782769e-05  0.00027648654  2.1742768e-05  0.00027705039  2.1795029e-05
            317  0.00021917949  1.9588465e-05   0.0002162865  1.9467767e-05   0.0002216743  1.9657798e-05
            318  0.00025056549  2.1955214e-05  0.00025007412  2.1895357e-05  0.00025099159    2.19866e-05
            319  0.00017661807  1.8997298e-05  0.00017607286  1.8999727e-05  0.00017755129  1.9007444e-05
            320   0.0001942466  2.0348686e-05  0.00019377794  2.0342724e-05  0.00019485373  2.0347509e-05
            321   0.0002336789  1.9919064e-05  0.00023362119   1.993141e-05  0.00023381241  1.9936637e-05
            322  0.00023773491  2.1575627e-05  0.00023735245  2.1539759e-05  0.00023792123  2.1586133e-05
            323  0.00022302876  2.0018659e-05  0.00022273739  1.9978432e-05  0.00022307377  2.0027272e-05
            324  0.00017496448  1.7743592e-05  0.00017478694  1.7748569e-05  0.00017517861  1.7743589e-05
            325  0.00025059636  2.1234483e-05  0.00025023619   2.119607e-05  0.00025087365  2.1264328e-05
            326  0.00021485081  1.8845316e-05   0.0002145087  1.8816645e-05  0.00021510401  1.8857407e-05
            327  0.00022691613  1.9454237e-05  0.00022647201  1.9416139e-05  0.00022715917  1.9475065e-05
            328 -5.2363247e-08  1.9678834e-06  -4.704917e-07  7.4361353e-07  7.1350242e-06  2.9334795e-06
            329  0.00021403499  1.9045505e-05   0.0001698907  1.6624954e-05  0.00021434778  1.9093524e-05
            330  0.00019893803  1.8894197e-05  0.00019889459  1.8894432e-05  0.00019897551  1.8909316e-05
            331  0.00016796503  1.8063652e-05  0.00016751078  1.8048163e-05  0.00016821732  1.8081762e-05
            332  0.00011870913  1.5727845e-05  0.00011623814  1.5567022e-05  0.00011871752  1.5713843e-05
            333  0.00012607407  1.4877184e-05  0.00012242404  1.4690169e-05  0.00012796719  1.4966703e-05
            334  6.5891937e-05  1.2073136e-05  5.9232147e-05  1.1584772e-05  7.2403767e-05  1.2603426e-05
            335  0.00020410826  1.8557713e-05  0.00020386662  1.8529719e-05  0.00020425326   1.858004e-05
            336  0.00014820089  1.8129678e-05  0.00014743068  1.8116473e-05  0.00014903563  1.8132951e-05
            337  0.00013539547  1.7670063e-05  0.00013489664  1.7661268e-05  0.00013589337  1.7691331e-05
            338  0.00017638267  1.8295331e-05  0.00017169187  1.7970486e-05  0.00017909044  1.8487703e-05
            339  0.00017653806  1.8143755e-05  0.00017613827  1.8130886e-05  0.00017709318   1.818444e-05
            340  0.00010579886   1.557394e-05  0.00010036502  1.5232248e-05  0.00011103612  1.5896769e-05
            341    0.000201751  1.9671853e-05  0.00020117243  1.9629241e-05  0.00020202543   1.967963e-05
            342    6.19689e-06  2.7066921e-06   2.860805e-06  1.6139951e-06  1.1074109e-05  3.8955071e-06
            343  0.00019206451  2.0248817e-05  0.00019166931  2.0202431e-05  0.00019224189  2.0250212e-05
            344  0.00020571368  1.8720511e-05  0.00020540266  1.8679758e-05  0.00020591969  1.8731186e-05
            345  0.00019212203  2.0262704e-05  0.00019199681  2.0227649e-05  0.00019226306  2.0283205e-05
            346  0.00012895714  1.6977458e-05   0.0001285035  1.6983955e-05  0.00012923451  1.6973699e-05
            347  8.7953907e-05  1.4455112e-05  6.2534565e-05  1.2434636e-05  0.00010495088  1.5611051e-05
            348  0.00015681856  1.8529041e-05  0.00015636099  1.8520494e-05  0.00015752617   1.853961e-05
            349  0.00016188902  1.8392899e-05  0.00016175287   1.839273e-05  0.00016199754  1.8408711e-05
            350  0.00018201077  1.8793954e-05  0.00018173087  1.8753675e-05  0.00018218716  1.8784799e-05
            351  0.00013396939  1.7743968e-05   0.0001338477   1.775644e-05  0.00013410599  1.7719944e-05
            352  0.00010584557  1.5454948e-05  8.6641953e-05  1.4132253e-05  0.00011639325  1.6133277e-05
            353  0.00011902285  1.6240455e-05   0.0001177678  1.6171101e-05  0.00012195774  1.6395985e-05
            354  0.00015815576     1.7566e-05  0.00015744119  1.7510226e-05  0.00015925562  1.7615132e-05
            355  0.00014873643  1.6721713e-05  0.00014848208  1.6709819e-05  0.00014892245  1.6738679e-05
            356  0.00016923638  1.7429252e-05  0.00016567673  1.7187083e-05    0.000171428  1.7586155e-05
            357  0.00014906634  1.7429388e-05  0.00014851712  1.7382601e-05  0.00014989469   1.750452e-05
            358  0.00012501012  1.6664386e-05  0.00012456904  1.6622983e-05  0.00012539926  1.6682856e-05
            359  0.00011064178  1.5244079e-05  0.00010957878  1.5152438e-05  0.00011160758  1.5341472e-05
            360  0.00015413343  1.7260668e-05  0.00015401722  1.7258273e-05  0.00015418144  1.7241603e-05
            361  0.00013783512  1.7754607e-05  0.00013766241   1.775083e-05   0.0001380702  1.7773954e-05
            362  0.00015361271  1.8287153e-05  0.00015346302  1.8281563e-05  0.00015383244   1.831092e-05
            363  0.00014477839  1.6722121e-05  0.00014449989   1.672557e-05  0.00014484584  1.6718629e-05
            364  0.00014024361  1.4991852e-05  0.00013518108  1.4667024e-05  0.00014573992  1.5328519e-05
            365  0.00017949639  1.9063618e-05   0.0001794737  1.9075321e-05  0.00017952246  1.9071318e-05
            366  0.00016269478  1.8103065e-05  0.00016241185  1.8063552e-05  0.00016287622  1.8116334e-05
            367   0.0001708159  2.0062106e-05  0.00017052691  2.0015594e-05  0.00017096686  2.0094823e-05
            368  0.00015256275  1.8262605e-05  0.00015241968  1.8265005e-05  0.00015267775  1.8266551e-05
            369  0.00020570394   1.925818e-05  0.00020551759  1.9237669e-05  0.00020607314  1.9279179e-05
            370  0.00012656692  1.8354502e-05  0.00012641938  1.8376595e-05  0.00012678942  1.8353284e-05
            371  0.00012447962  1.7131158e-05  0.00012390494  1.7152864e-05  0.00012531498  1.7138558e-05
            372  0.00014340226  1.7360559e-05  0.00014311728  1.7343249e-05  0.00014389515  1.7378572e-05
            373  0.00018580105  1.9951315e-05  0.00018538323  1.9906299e-05  0.00018594764  1.9964913e-05
            374   0.0001224782  1.6294972e-05  0.00012043864  1.6178186e-05  0.00012394498  1.6399679e-05
            375  0.00012556857  1.6956584e-05  0.00012473486  1.6924906e-05  0.00012641337  1.6999975e-05
            376   3.786326e-05  7.8389279e-06  2.4626743e-05  6.1250131e-06  5.3792752e-05  9.5525931e-06
            377  0.00014921393  1.8177779e-05  0.00014772134  1.8156088e-05  0.00014932722   1.819034e-05
            378  3.2646141e-06  1.7954932e-06  3.5941644e-07  3.1422393e-07  9.4808502e-06   3.603536e-06
            379  0.00012760852  1.6786195e-05  0.00012652456   1.672591e-05  0.00012918098  1.6858218e-05
            380  6.7873209e-05  1.4511709e-05  5.5786333e-05  1.3359764e-05  7.6287366e-05  1.5191689e-05
            381  8.2062403e-06  3.9142209e-06 -8.1166153e-07  1.8990984e-06  2.6675337e-05   8.406947e-06
            382  0.00013899565  1.6561447e-05  0.00013283715  1.6234738e-05  0.00014411209  1.6841895e-05
            383  0.00011726857  1.7230645e-05  0.00011701224  1.7234795e-05  0.00011755733  1.7243451e-05
            384  8.9661661e-05  1.4685642e-05  8.5371473e-05  1.4379444e-05  9.2159396e-05  1.4855992e-05
            385  0.00015874882  1.7985309e-05  0.00015783596   1.794252e-05   0.0001594939  1.8024155e-05
            386  0.00016135131  1.7959681e-05  0.00016129162  1.7961335e-05  0.00016138503  1.7968706e-05
            387  0.00014182779  1.6845855e-05  0.00014063741  1.6787956e-05   0.0001428553  1.6907428e-05
            388  0.00012700295  1.7152643e-05  0.00012531564     1.7082e-05  0.00012826753  1.7213645e-05
            389  6.0170901e-05  1.2446082e-05  5.1037262e-05   1.158277e-05  6.8700668e-05  1.3184293e-05
            390  8.1666373e-05  1.4720509e-05  8.1099008e-05  1.4684692e-05  8.1961054e-05   1.473455e-05
            391  2.7673316e-05  8.3089373e-06  1.9706408e-05    6.71791e-06  3.6032965e-05  9.7422808e-06
            392  0.00015729926  1.8700529e-05  0.00015711976  1.8664003e-05  0.00015751413  1.8717058e-05
            393  0.00010115856  1.4603534e-05  4.4224225e-05  9.1554618e-06  0.00012167322  1.6238114e-05
            394  3.2180194e-05  1.0217179e-05  1.9331487e-05  8.2802122e-06  4.4858981e-05  1.1746404e-05
            395  9.2220827e-05  1.6080981e-05  9.1923087e-05  1.6055929e-05  9.2554364e-05  1.6129836e-05
            396  9.4606922e-05  1.5542327e-05  9.3294347e-05  1.5460415e-05  9.5629717e-05  1.5606733e-05
            397  5.3783785e-05  1.0859347e-05  1.8534972e-05   5.805875e-06  6.8305526e-05  1.2547472e-05
            398  8.8413101e-05  1.5693856e-05  8.8078065e-05  1.5673127e-05  8.8846208e-05  1.5714568e-05
            399  3.8085309e-05  1.0575999e-05  3.2935848e-05  9.9462213e-06  4.5280336e-05  1.1390726e-05
            400  7.3197993e-05  1.3508811e-05  6.4418181e-05  1.2798908e-05  7.9496721e-05  1.3974528e-05
            401  0.00010724259  1.7440674e-05  0.00010684373  1.7425482e-05  0.00010763812   1.747174e-05
            402  9.5656629e-05  1.6326713e-05  9.5093575e-05  1.6293805e-05   9.605347e-05  1.6372353e-05
            403  0.00013402717  1.8034767e-05  0.00013385039  1.8004655e-05  0.00013433438   1.806724e-05
            404  9.3254638e-05  1.5248531e-05  8.8023577e-05  1.4733623e-05  9.3928208e-05  1.5319231e-05
            405  5.4556976e-05  1.4267571e-05    5.28562e-05  1.4100862e-05  5.8215132e-05  1.4648207e-05
            406  0.00011524771  1.6271363e-05  0.00011489289  1.6248625e-05  0.00011564163   1.629312e-05
            407  6.7061277e-06  3.0895541e-06  6.1922004e-06  2.9328253e-06  1.3736633e-05   4.856084e-06
            408  7.0325241e-05  1.4056269e-05  7.0248552e-05  1.4056642e-05  7.0434034e-05  1.4042867e-05
            409   0.0001407117  1.8166215e-05  0.00014064597  1.8132606e-05  0.00014081047  1.8180636e-05
            410  7.2873335e-05  1.5124017e-05  7.0971774e-05  1.4965101e-05  7.3662053e-05  1.5200007e-05
            411  5.2037838e-05   1.530348e-05   5.170422e-05  1.5278495e-05  5.2692719e-05  1.5342569e-05
            412  2.4958094e-05  6.8831026e-06  4.9850631e-06  2.5178811e-06  2.9475578e-05   7.588484e-06
            413  4.6965105e-05   1.416684e-05  4.3217396e-05  1.3718759e-05  5.0561127e-05   1.454986e-05
            414  0.00010812668   1.664879e-05  0.00010656117  1.6443393e-05  0.00010846042  1.6689565e-05
            415  0.00016121437  1.9786159e-05  0.00016109243  1.9757598e-05  0.00016133641  1.9802957e-05
            416  0.00010470188  1.6040489e-05  0.00010442068  1.6038844e-05  0.00010503767  1.6053741e-05
            417  7.7430982e-05  1.6253381e-05  7.7088237e-05  1.6195517e-05  7.7640024e-05  1.6313337e-05
            418  0.00011387579  1.8990747e-05  0.00011365151  1.8985072e-05  0.00011413515  1.8988004e-05
            419   5.394438e-05  1.3310123e-05  4.1303263e-05  1.1920797e-05  6.2435471e-05  1.4147227e-05
            420  0.00011008382  1.7211506e-05  0.00010977837  1.7178061e-05   0.0001100841  1.7216657e-05
            421   0.0001234736   1.875396e-05  0.00012322974   1.872062e-05  0.00012351506  1.8779923e-05
            422  0.00010020555  1.7090907e-05  9.9281622e-05  1.7010239e-05  0.00010089309  1.7132673e-05
            423  9.7066977e-05  1.7430495e-05  9.6934919e-05  1.7438893e-05  9.7161414e-05  1.7424705e-05
            424  5.1074949e-05  1.3232739e-05 -3.7290327e-07  2.4519078e-06  8.3695885e-05  1.6255822e-05
            425  5.5292463e-05    1.61224e-05  5.4713925e-05  1.6079518e-05  5.5429881e-05  1.6133921e-05
            426  0.00013619876  1.8748397e-05  0.00013600148  1.8742067e-05   0.0001363119   1.876426e-05
            427  9.3676286e-06  8.5403315e-06  3.0881997e-06  6.3770477e-06  1.2547553e-05  9.3067539e-06
            428  8.0081103e-05  1.6815593e-05  2.3526519e-05   1.016334e-05  8.8339185e-05  1.7502838e-05
            429  0.00012062618  1.7724893e-05   0.0001194873  1.7603722e-05  0.00012106515  1.7757254e-05
            430  9.3972114e-05  1.7276665e-05  9.3668464e-05  1.7259568e-05  9.4226031e-05  1.7304525e-05
            431  0.00012106374  1.9124777e-05  0.00012099873  1.9126841e-05    0.000121208  1.9144489e-05
            432  9.8998818e-05  1.7198152e-05  9.6993359e-05  1.7069119e-05  0.00010094456  1.7330547e-05
            433  5.1697708e-05  1.3172748e-05  5.0713349e-05  1.3058909e-05  5.2238835e-05  1.3243353e-05
            434  0.00012398715  1.7544985e-05  0.00012205088  1.7358165e-05  0.00012557183  1.7693651e-05
            435  4.6661058e-05  1.4501987e-05  4.5637694e-05  1.4389741e-05  4.7284498e-05  1.4565244e-05
            436  6.9751241e-05  1.5964945e-05  6.9159587e-05  1.5886776e-05  7.0570583e-05   1.604858e-05
            437  9.9352612e-05  2.1125121e-05  9.9068833e-05  2.1081254e-05  9.9386322e-05  2.1132875e-05
            438  9.7627782e-05  1.6250894e-05  9.6150968e-05  1.6178761e-05  9.8675313e-05   1.630693e-05
            439  5.2727956e-05  1.6366378e-05  5.2065736e-05  1.6319122e-05  5.3303655e-05  1.6390039e-05
            440  8.8043782e-05  1.7489395e-05  8.7633815e-05  1.7468108e-05   8.848153e-05  1.7509936e-05
            441  7.2577257e-05  1.7139995e-05  6.8751333e-05  1.6809635e-05  7.5879689e-05  1.7423093e-05
            442  0.00012277279  2.1092076e-05  0.00012259039  2.1052763e-05  0.00012284144  2.1098381e-05
            443  0.00010557187  1.7882843e-05  0.00010510341  1.7854463e-05  0.00010627742  1.7942978e-05
            444  5.3647165e-05   1.515121e-05  5.2697171e-05  1.5056956e-05  5.4089175e-05  1.5203639e-05
            445  0.00012135526  1.8668906e-05  0.00012093247  1.8654405e-05   0.0001218099  1.8695887e-05
            446   0.0001300215  1.9038004e-05   0.0001299148   1.903771e-05   0.0001301237  1.9043323e-05
            447  0.00011250063  1.7608012e-05  0.00011196638  1.7587901e-05  0.00011267813  1.7605832e-05
            448  1.9994881e-05  6.5200135e-06  1.7336257e-05  5.9764873e-06  2.3425872e-05  7.1783834e-06
            449   5.808319e-05  1.7543581e-05  5.7795633e-05  1.7523765e-05  5.8404931e-05  1.7564395e-05
            450  9.7332811e-05  1.9529907e-05  9.7214204e-05  1.9540066e-05  9.7444905e-05  1.9531399e-05
            451  6.7706234e-05  1.4521491e-05  4.6340338e-05  1.1585318e-05   7.053809e-05  1.4886165e-05
            452  9.0492761e-05  1.8419692e-05  9.0293232e-05  1.8413504e-05  9.0945847e-05  1.8438867e-05
            453  1.0502353e-05  6.7203059e-06  6.7962714e-07  5.6240167e-07  5.0290735e-05  1.2672382e-05
            454  2.5640731e-05  1.3434274e-05  2.3786897e-05   1.316506e-05  2.5863546e-05  1.3498836e-05
            455  0.00013395296  2.0431209e-05   0.0001336859   2.044317e-05  0.00013429672  2.0430412e-05
            456  0.00012573892  1.9401701e-05   0.0001256014  1.9371285e-05  0.00012584123  1.9429506e-05
            457  5.6359372e-05  1.6501186e-05  5.4942211e-05  1.6333743e-05  5.8180314e-05  1.6720429e-05
            458  9.9299364e-05  1.8534336e-05  9.8995797e-05  1.8481783e-05  9.9448001e-05   1.854792e-05
            459  1.2406866e-05  5.4423107e-06  3.8618575e-06  2.4387173e-06  2.0464485e-05  7.4968715e-06
            460   5.786084e-05  1.5345187e-05  3.7599207e-05  1.2900273e-05  6.9119253e-05  1.6471476e-05
            461  8.4529975e-05  1.8904113e-05  8.3844924e-05   1.886792e-05  8.5051775e-05  1.8935998e-05
            462  -7.643635e-07  1.1679022e-06 -7.8212837e-07  1.2269401e-06  3.6147194e-06  2.2018621e-06
            463  8.1088472e-05  1.7614937e-05  8.0880521e-05  1.7618315e-05  8.1607254e-05  1.7640239e-05
            464  5.4715409e-05  1.2477386e-05  5.0895153e-05  1.1950452e-05  5.8739887e-05    1.30098e-05
            465  4.9548491e-05  1.3275046e-05  2.1859008e-06  1.6151392e-06  8.1976951e-05  1.7983307e-05
            466  0.00011212384  2.0113799e-05  0.00011206946  2.0106448e-05  0.00011230284  2.0107593e-05
            467  0.00012288608  2.2837039e-05  0.00012174628  2.2765412e-05  0.00012391494  2.2913012e-05
            468  7.8568704e-05  1.9526769e-05  7.8559178e-05   1.952129e-05  7.8587903e-05  1.9555813e-05
            469  0.00010144982  2.0223315e-05  0.00010137114  2.0214719e-05  0.00010150987   2.024063e-05
            470  0.00012904404  1.9068078e-05  0.00012875085   1.904793e-05  0.00012928509   1.907106e-05
            471  4.4288212e-05  1.4764048e-05  4.3474519e-05  1.4703196e-05  4.5009721e-05  1.4835097e-05
            472   0.0001459635   2.268684e-05  0.00014587793  2.2666991e-05  0.00014612971  2.2725097e-05
            473   9.493399e-05  1.9158185e-05  9.4621999e-05  1.9138329e-05   9.520327e-05  1.9189266e-05
            474  7.5204205e-05  1.6080757e-05  7.1751277e-05  1.5768664e-05  7.8778239e-05  1.6422245e-05
            475  9.8927345e-05  1.9045101e-05  9.4903505e-05  1.8561012e-05  0.00010193804  1.9390845e-05
            476   5.578402e-05  1.6887576e-05  5.1607939e-05  1.6361414e-05  5.6686669e-05  1.7015035e-05
            477  3.2967387e-05  1.2038622e-05  2.7544721e-05  1.0530991e-05  3.5238251e-05  1.2781503e-05
            478  7.7208629e-05  2.0473087e-05  7.7133971e-05  2.0463756e-05  7.7510448e-05  2.0475517e-05
            479  0.00011165066  1.9580278e-05   0.0001115201  1.9547704e-05  0.00011180848  1.9618137e-05
            480  0.00013009365  2.2989523e-05  0.00012971536  2.2912725e-05  0.00013021535  2.2993326e-05
            481  0.00010466842  1.9091312e-05  0.00010444956  1.9075398e-05  0.00010488397  1.9113225e-05
            482  0.00011735855  2.1453081e-05  0.00011727022  2.1459681e-05  0.00011764491  2.1462811e-05
            483  5.2117517e-05   1.743226e-05  5.0861252e-05  1.7160736e-05   5.507009e-05  1.7796927e-05
            484  5.7183864e-06  3.3568406e-06  1.9777255e-06  1.5004214e-06  1.0369236e-05  5.0674897e-06
            485  3.1348104e-05  1.2100241e-05  2.8571797e-05  1.1659434e-05   3.775984e-05  1.3050296e-05
            486  4.7255218e-05  1.5681884e-05  4.3602605e-05  1.4857134e-05  4.9049712e-05  1.6028225e-05
            487  5.5769452e-05  1.8435646e-05  5.5304398e-05  1.8356495e-05  5.6471549e-05   1.851777e-05
            488  3.6941596e-05  1.2657158e-05  3.5144095e-05  1.2267769e-05  3.9699181e-05  1.3262665e-05
            489  9.7210682e-05  2.0480149e-05  9.5762789e-05  2.0375483e-05  9.8160727e-05  2.0549163e-05
            490  4.8781909e-05  1.7181667e-05  3.9417728e-05  1.5837241e-05  5.4147222e-05   1.788037e-05
            491  2.7937595e-05  1.3985997e-05  2.4413511e-05  1.3290168e-05   3.024272e-05  1.4409613e-05
            492  0.00012619125  2.1241725e-05  0.00012607662  2.1215813e-05  0.00012633061  2.1272597e-05
            493  9.2301004e-05  2.1121273e-05  9.2047013e-05    2.11219e-05   9.247625e-05  2.1122472e-05
            494  1.6358698e-05  1.0521854e-05  1.2490252e-05  9.5613309e-06  2.0148394e-05  1.1361878e-05
            495  3.3545169e-07   3.152128e-07 -3.0963467e-07  3.3217905e-07  9.7740987e-07  8.3588733e-07
            496  7.9960759e-05   1.800792e-05  7.9460496e-05  1.7962309e-05  8.0136531e-05   1.801191e-05
            497   5.548534e-05  1.7976964e-05  5.4831172e-05  1.7900452e-05  5.5920819e-05  1.8033238e-05
            498   3.024731e-05  1.4159091e-05  2.8472678e-05  1.3850971e-05  3.1627274e-05  1.4398545e-05
            499  7.3614598e-05   2.475662e-05   7.356971e-05  2.4771965e-05  7.3646567e-05  2.4753927e-05
            500  7.3614598e-05   2.475662e-05   7.356971e-05  2.4771965e-05  7.3646567e-05  2.4753927e-05
