# massHiggs+top        central        num_err    min (scale)        num_err    max (scale)        num_err
# +tbar
              0              0              0              0              0              0              0
              5              0              0              0              0              0              0
             10              0              0              0              0              0              0
             15              0              0              0              0              0              0
             20              0              0              0              0              0              0
             25              0              0              0              0              0              0
             30              0              0              0              0              0              0
             35              0              0              0              0              0              0
             40              0              0              0              0              0              0
             45              0              0              0              0              0              0
             50              0              0              0              0              0              0
             55              0              0              0              0              0              0
             60              0              0              0              0              0              0
             65              0              0              0              0              0              0
             70              0              0              0              0              0              0
             75              0              0              0              0              0              0
             80              0              0              0              0              0              0
             85              0              0              0              0              0              0
             90              0              0              0              0              0              0
             95              0              0              0              0              0              0
            100              0              0              0              0              0              0
            105              0              0              0              0              0              0
            110              0              0              0              0              0              0
            115              0              0              0              0              0              0
            120              0              0              0              0              0              0
            125              0              0              0              0              0              0
            130              0              0              0              0              0              0
            135              0              0              0              0              0              0
            140              0              0              0              0              0              0
            145              0              0              0              0              0              0
            150              0              0              0              0              0              0
            155              0              0              0              0              0              0
            160              0              0              0              0              0              0
            165              0              0              0              0              0              0
            170              0              0              0              0              0              0
            175              0              0              0              0              0              0
            180              0              0              0              0              0              0
            185              0              0              0              0              0              0
            190              0              0              0              0              0              0
            195              0              0              0              0              0              0
            200              0              0              0              0              0              0
            205              0              0              0              0              0              0
            210              0              0              0              0              0              0
            215              0              0              0              0              0              0
            220              0              0              0              0              0              0
            225              0              0              0              0              0              0
            230              0              0              0              0              0              0
            235              0              0              0              0              0              0
            240              0              0              0              0              0              0
            245              0              0              0              0              0              0
            250              0              0              0              0              0              0
            255              0              0              0              0              0              0
            260              0              0              0              0              0              0
            265              0              0              0              0              0              0
            270              0              0              0              0              0              0
            275              0              0              0              0              0              0
            280              0              0              0              0              0              0
            285              0              0              0              0              0              0
            290              0              0              0              0              0              0
            295              0              0              0              0              0              0
            300              0              0              0              0              0              0
            305              0              0              0              0              0              0
            310              0              0              0              0              0              0
            315              0              0              0              0              0              0
            320              0              0              0              0              0              0
            325              0              0              0              0              0              0
            330              0              0              0              0              0              0
            335              0              0              0              0              0              0
            340              0              0              0              0              0              0
            345              0              0              0              0              0              0
            350              0              0              0              0              0              0
            355              0              0              0              0              0              0
            360              0              0              0              0              0              0
            365              0              0              0              0              0              0
            370              0              0              0              0              0              0
            375              0              0              0              0              0              0
            380              0              0              0              0              0              0
            385              0              0              0              0              0              0
            390              0              0              0              0              0              0
            395              0              0              0              0              0              0
            400              0              0              0              0              0              0
            405              0              0              0              0              0              0
            410              0              0              0              0              0              0
            415              0              0              0              0              0              0
            420              0              0              0              0              0              0
            425              0              0              0              0              0              0
            430              0              0              0              0              0              0
            435              0              0              0              0              0              0
            440              0              0              0              0              0              0
            445              0              0              0              0              0              0
            450              0              0              0              0              0              0
            455              0              0              0              0              0              0
            460              0              0              0              0              0              0
            465              0              0              0              0              0              0
            470  0.00051911076  3.6746628e-05  0.00036554101  2.6971208e-05  0.00075548807  5.1373218e-05
            475   0.0047475816  0.00010467727    0.003365017   7.661158e-05   0.0068673914  0.00014676702
            480    0.012400187  0.00016354616   0.0088153079  0.00011948558    0.017885575  0.00022970953
            485    0.022297518  0.00021426804    0.015874277  0.00015633158     0.03211946  0.00030137634
            490    0.032656915  0.00025738522    0.023252827  0.00018766397    0.047039065  0.00036229192
            495    0.044489278  0.00029466003    0.031718371  0.00021453766    0.064008668  0.00041536719
            500    0.056460687  0.00032858808    0.040262139   0.0002389993     0.08122424  0.00046370641
            505     0.06814864  0.00035754192    0.048631062  0.00025979848    0.097975925  0.00050507727
            510     0.07999479  0.00038274497    0.057093463  0.00027784774     0.11499941  0.00054123322
            515    0.090839768  0.00040487973    0.064848745  0.00029370117     0.13056783  0.00057297152
            520     0.10127584  0.00042502108     0.07230044  0.00030808632     0.14557605  0.00060195151
            525     0.11128848  0.00044157897    0.079458839  0.00031979897     0.15996178  0.00062601284
            530     0.12004703  0.00045538396    0.085729634  0.00032953814     0.17377557  0.00071736849
            535     0.12901767  0.00046998829    0.092128214  0.00033990049      0.1887425  0.00074617178
            540     0.13675535  0.00048072213    0.097660063  0.00034739105     0.20249747  0.00086202485
            545     0.14364297  0.00049018044     0.10257871  0.00035399719     0.21419472  0.00084251045
            550     0.15108941  0.00049997739     0.10790386  0.00036084258     0.22660577  0.00083378789
            555     0.15645999  0.00050652414     0.11173823  0.00036537162     0.23670223  0.00086775052
            560     0.16033369  0.00051021053     0.11450468  0.00036779244      0.2442239  0.00089572357
            565     0.16592372  0.00051689746     0.11849239  0.00037240371     0.25276417   0.0009400739
            570     0.16953235  0.00052062061     0.12107118  0.00037489882     0.26013953  0.00092571144
            575     0.17303683  0.00052418555      0.1235791  0.00037729977     0.26712734   0.0009537137
            580      0.1753361   0.0005259628      0.1252112  0.00037840967     0.27183082  0.00095653446
            585     0.17821595   0.0005289004     0.12725516  0.00038036817     0.27725447  0.00099499199
            590     0.18090407  0.00053140252     0.12917507  0.00038200181     0.28256096  0.00095433052
            595     0.18120708  0.00053105419     0.12937884  0.00038165765     0.28436357   0.0010229435
            600     0.18347854  0.00053232896     0.13100654  0.00038240372     0.28815783   0.0010288305
            605     0.18258763  0.00053036358     0.13035719  0.00038086301     0.28766585   0.0010227135
            610     0.18340019  0.00053002831     0.13093896  0.00038049211     0.28786111   0.0013807856
            615     0.18411406  0.00052965048     0.13144235  0.00038006152     0.29074417   0.0011273463
            620     0.18433287  0.00052899319     0.13158653  0.00037946368     0.29260795   0.0010855666
            625     0.18421419  0.00052792875     0.13150769  0.00037863628     0.29239872     0.00102716
            630     0.18365312  0.00052655178     0.13109332  0.00037753695     0.29250806   0.0011214353
            635     0.18250431  0.00052429826     0.13025468  0.00037580601     0.29083217   0.0010230825
            640     0.18065271  0.00052109029     0.12891559  0.00037341185     0.28952221   0.0012904836
            645     0.18066136   0.0005199804     0.12893032   0.0003725399       0.289131   0.0010810861
            650     0.17828653  0.00051568605     0.12723746  0.00036936322     0.28656662   0.0010246332
            655     0.17731595  0.00051441348      0.1265318  0.00036841563     0.28456321    0.001120565
            660     0.17517743  0.00051060184     0.12499646  0.00036559153     0.28170079   0.0010000389
            665     0.17309546   0.0005073951     0.12347949  0.00036317031      0.2776585   0.0011007049
            670      0.1721523  0.00050589408     0.12279888  0.00036205507     0.27585057   0.0011262016
            675     0.16954236  0.00050117686     0.12094714  0.00035861536     0.27256098   0.0010881107
            680     0.16788331  0.00049844834      0.1197462  0.00035658993     0.27118439   0.0010277458
            685     0.16531004  0.00049422113     0.11791061  0.00035350769     0.26593187   0.0010282767
            690     0.16332589  0.00049109085     0.11647311  0.00035119172     0.26498991   0.0014360417
            695     0.16034777  0.00048652673     0.11433818  0.00034785981     0.25736604   0.0016899548
            700     0.15952147  0.00048474936      0.1137424  0.00034651476     0.25604097   0.0012959186
            705     0.15656007  0.00048017937     0.11163591  0.00034324325     0.25249087   0.0011202948
            710     0.15477337  0.00047660652     0.11035776  0.00034060777      0.2502191  0.00094943495
            715     0.15292633  0.00047368662     0.10903125  0.00033847446     0.24652281   0.0011002167
            720     0.15045303  0.00046965376     0.10725579  0.00033552832     0.24300954  0.00099791665
            725     0.14677259  0.00046438135     0.10461403  0.00033171692      0.2382318   0.0010278138
            730     0.14541778  0.00046149298     0.10364276  0.00032957899     0.23591587  0.00095648334
            735     0.14350955  0.00045842635     0.10227609  0.00032734262     0.23255612   0.0011076284
            740     0.14022061  0.00045301381    0.099923368  0.00032343637     0.22681517    0.001112983
            745     0.13834955  0.00044989751     0.09858573  0.00032117536     0.22505917   0.0010426137
            750     0.13630274   0.0004461157    0.097125082  0.00031842664     0.22012417  0.00091955557
            755     0.13320438  0.00044123945    0.094889911  0.00031486002     0.21481696  0.00096551508
            760     0.13121207  0.00043806376    0.093482718  0.00031263701     0.21147505  0.00096551253
            765     0.12846794  0.00043335822    0.091508523  0.00030918648     0.20880235  0.00095166694
            770     0.12704256   0.0004308439     0.09048188  0.00030733337     0.20509981  0.00099317934
            775     0.12509533  0.00042710313    0.089095619  0.00030464347     0.20078586   0.0010700547
            780     0.12225506  0.00042199573    0.087068351  0.00030096263     0.19653492  0.00094512563
            785     0.12034287  0.00041916187    0.085684907  0.00029889055     0.19466472   0.0010288571
            790     0.11827917   0.0004150537    0.084213812  0.00029590761     0.19218835   0.0009919431
            795     0.11637993  0.00041160729    0.082869717  0.00029345904      0.1873496   0.0010879157
            800     0.11383091  0.00040706837     0.08103963  0.00029015889     0.18365413  0.00080528869
            805     0.11184276   0.0004035849    0.079604476  0.00028761662     0.17937793  0.00090418136
            810     0.10952994   0.0003994689    0.077956977  0.00028464922     0.17742745  0.00081272424
            815      0.1082394  0.00039724315    0.077034001  0.00028307137      0.1736034  0.00090981915
            820     0.10621108  0.00039306727    0.075578375  0.00028002567     0.17059335  0.00079994977
            825      0.1043447  0.00038971432    0.074255586  0.00027764529     0.16715381  0.00086273232
            830     0.10138871  0.00038386456    0.072137211  0.00027340524     0.16206852  0.00076783811
            835     0.10043624  0.00038210633    0.071450586  0.00027210952     0.16137644  0.00078387522
            840    0.097958003  0.00037747942    0.069674302  0.00026877092      0.1577763  0.00081310965
            845    0.095792377  0.00037328347    0.068127996   0.0002657615     0.15289457  0.00077309746
            850    0.094517639  0.00037040134    0.067220446  0.00026367244     0.15067688   0.0007985553
            855    0.092572517  0.00036670501    0.065828119  0.00026100691     0.14793271  0.00091265474
            860    0.091546025  0.00036460691    0.065098696  0.00025950213     0.14562321  0.00070868103
            865    0.089773885  0.00036095308    0.063824605  0.00025682739     0.14316597  0.00073580756
            870     0.08732014   0.0003559843    0.062076891  0.00025329062     0.13910824   0.0007391733
            875    0.085987606  0.00035319654    0.061126948  0.00025129243     0.13695251  0.00068995083
            880    0.084702678  0.00035038119     0.06018609  0.00024917632      0.1343144   0.0008300941
            885    0.083045629  0.00034731787    0.059016459  0.00024702448     0.13205309  0.00090389368
            890    0.081353457  0.00034366032    0.057811603  0.00024441207     0.12845507   0.0012338376
            895    0.079526647  0.00033962884    0.056493434  0.00024146281      0.1263267  0.00071523281
            900    0.078470837  0.00033732913     0.05576017  0.00023987498     0.12434735  0.00071545117
            905    0.076829871  0.00033342353    0.054581637  0.00023704787     0.12200934   0.0006476526
            910    0.075775461  0.00033138502    0.053812808  0.00023551146     0.11984331  0.00062803809
            915    0.073675128    0.000326735     0.05232558  0.00023220378     0.11779845  0.00092105499
            920    0.072412924    0.000324024    0.051420023  0.00023026657     0.11423619  0.00064217229
            925    0.071016973  0.00032062777    0.050421994  0.00022778931     0.11212339  0.00060432376
            930    0.070081785  0.00031864748    0.049752543  0.00022636356     0.11162715  0.00068326309
            935    0.068407129  0.00031473983    0.048540291  0.00022347758     0.10786358  0.00066595818
            940    0.066986928  0.00031144933    0.047543014  0.00022118755      0.1048027  0.00062647637
            945    0.065546478  0.00030820851    0.046512941  0.00021885613     0.10297196   0.0006361286
            950    0.064592893  0.00030586487     0.04583285  0.00021716902     0.10161595  0.00060241233
            955    0.064118371  0.00030471937    0.045492927  0.00021634168     0.10034822  0.00059563529
            960    0.062755687  0.00030143058    0.044532497  0.00021403389    0.098508458  0.00059731046
            965     0.06132745   0.0002977259    0.043498113  0.00021129434    0.096241763  0.00058625209
            970    0.060242846  0.00029527698    0.042721087  0.00020951524    0.094972681  0.00059736808
            975    0.059112142  0.00029241059    0.041920242  0.00020749375    0.091899955  0.00056513935
            980    0.057783167  0.00028901003    0.040976975  0.00020507463    0.090710929  0.00059431338
            985     0.05633465  0.00028536215    0.039938694  0.00020242075    0.087842874  0.00050894691
            990    0.055876124  0.00028438474    0.039614096  0.00020173571    0.087328491  0.00052776273
            995    0.054421479   0.0002805846    0.038574772  0.00019899934    0.084720285  0.00053924923
           1000    0.054421479   0.0002805846    0.038574772  0.00019899934    0.084720285  0.00053924923
