#       ptHiggs        central        num_err    min (scale)        num_err    max (scale)        num_err
              0    0.059153006  0.00021564861    0.042199029    0.000154674     0.10847924  0.00047488207
             10     0.17281144  0.00036573724     0.12327814  0.00026229431     0.31502994  0.00080428856
             20     0.27454056  0.00045789422     0.19581764  0.00032837415     0.49457888  0.00096778497
             30     0.35879981  0.00052010814     0.25586549  0.00037291616     0.63643152   0.0011525261
             40     0.42195222  0.00056085804     0.30080809  0.00040204302     0.73522622   0.0011653865
             50     0.46107304  0.00058374421     0.32860012  0.00041829547     0.78901665   0.0011892433
             60     0.48102592  0.00059421074     0.34268778  0.00042561546     0.80714198   0.0011800879
             70     0.48276639  0.00059372564     0.34377751  0.00042503379     0.79538057   0.0011868313
             80     0.47190787  0.00058598471     0.33591592   0.0004192499     0.76285691   0.0011622937
             90     0.44905668  0.00057098186     0.31951152  0.00040826393     0.71170031   0.0010910883
            100     0.41979538  0.00055184177     0.29855079  0.00039428091     0.65588334   0.0010478778
            110     0.38925297   0.0005312756     0.27671524  0.00037935231     0.59804998   0.0010429245
            120     0.35431567  0.00050705662     0.25174585  0.00036176928     0.53468018     0.00105041
            130      0.3202197  0.00048177385     0.22743236  0.00034348681     0.47697802  0.00088275715
            140     0.28808854   0.0004568384     0.20453541  0.00032549457     0.42079158  0.00099867773
            150     0.25874858  0.00043249476      0.1836461  0.00030792578     0.37504537  0.00062541025
            160     0.22961683   0.0004074612     0.16289986  0.00028991804     0.33299789  0.00058966409
            170      0.2034287   0.0003832283     0.14427924  0.00027251661      0.2951295  0.00055497871
            180     0.18117932  0.00036163637     0.12844872   0.0002570116     0.26297791  0.00052407679
            190     0.16013848  0.00033968189     0.11349522  0.00024128092     0.23253184  0.00049257337
            200     0.14222043  0.00031984042     0.10077226  0.00022706511     0.20657768  0.00046409603
            210     0.12493062  0.00029963007    0.088510612  0.00021264716     0.18149785  0.00043495707
            220     0.11059708  0.00028164933    0.078328788  0.00019977636     0.16074385  0.00040913111
            230    0.097833459    0.000264653    0.069277678  0.00018765288     0.14222479  0.00038461163
            240    0.086892881  0.00024937095    0.061504154  0.00017672085     0.12638654   0.0003626504
            250     0.07729435   0.0002350396    0.054699602  0.00016651331     0.11245307  0.00034194085
            260    0.068123406  0.00022050058    0.048197553  0.00015615274    0.099141115  0.00032094212
            270    0.060743958  0.00020815252    0.042978041  0.00014740661    0.088405183  0.00030306079
            280    0.054147039  0.00019646739    0.038295438  0.00013906874    0.078837848  0.00028614512
            290    0.048452305  0.00018576712    0.034267307  0.00013147789    0.070550536  0.00027061035
            300    0.043017928  0.00017503753     0.03042518   0.0001238878    0.062635515  0.00025498177
            310    0.038484818  0.00016556428    0.027210069   0.0001171425    0.056056973  0.00024128335
            320    0.034475957  0.00015667984    0.024376427  0.00011086181     0.05021923   0.0002283524
            330    0.030787686  0.00014803284    0.021770701  0.00010474684    0.044842148  0.00021574634
            340    0.027575288   0.0001400987    0.019486948  9.9071725e-05    0.040191822  0.00020432762
            350    0.024627688  0.00013241449    0.017403803   9.363557e-05    0.035896023   0.0001931298
            360    0.022286844  0.00012598592    0.015744298  8.9062292e-05    0.032496723   0.0001838237
            370    0.019897763   0.0001190275    0.014056734   8.414329e-05    0.029012643   0.0001736721
            380    0.017902066   0.0001129163     0.01264607  7.9818264e-05    0.026105144  0.00016477599
            390    0.016176125  0.00010732402    0.011428663  7.5876872e-05    0.023584227   0.0001565903
            400    0.014567926  0.00010186737    0.010288736  7.1995762e-05     0.02124858  0.00014869468
            410    0.013088804  9.6576931e-05   0.0092419397  6.8241524e-05    0.019095884  0.00014100233
            420    0.011966811   9.236888e-05   0.0084510008  6.5280438e-05    0.017456053  0.00013483675
            430    0.010727497  8.7408743e-05    0.007574725  6.1762991e-05    0.015650689  0.00012762598
            440   0.0098453671  8.3749397e-05   0.0069498116  5.9160387e-05    0.014368502  0.00012232309
            450   0.0090128457  8.0133632e-05   0.0063624609  5.6609866e-05    0.013152642  0.00011703402
            460   0.0078940011  7.4988198e-05   0.0055724454  5.2971835e-05    0.011520171  0.00010952446
            470   0.0071656832  7.1447306e-05   0.0050592849   5.048091e-05    0.010455548  0.00010433773
            480   0.0067870963   6.955082e-05   0.0047883405    4.91041e-05    0.009911126  0.00010164865
            490   0.0062074664  6.6511205e-05   0.0043782503  4.6948533e-05   0.0090675508  9.7245206e-05
            500    0.005540509  6.2839085e-05   0.0039085147   4.436195e-05   0.0080912833  9.1845049e-05
            510   0.0051005484  6.0294454e-05   0.0036007524  4.2597232e-05   0.0074430227  8.8060216e-05
            520   0.0045864291  5.7177736e-05   0.0032345059  4.0353302e-05   0.0067001337  8.3598854e-05
            530   0.0042520019  5.5046101e-05   0.0030000884  3.8867077e-05   0.0062080556  8.0438051e-05
            540   0.0039674893  5.3173475e-05   0.0027985103  3.7534111e-05   0.0057944897  7.7727117e-05
            550   0.0036045396  5.0684286e-05    0.002546206  3.5829876e-05   0.0052561776  7.3974882e-05
            560   0.0032558512  4.8171374e-05   0.0022959668  3.3995742e-05   0.0047564817  7.0437427e-05
            570    0.002964208  4.5964236e-05   0.0020904277  3.2439519e-05   0.0043300861  6.7204168e-05
            580   0.0027353143  4.4154384e-05   0.0019306222  3.1188772e-05   0.0039921522   6.450175e-05
            590   0.0024600716  4.1874743e-05   0.0017336333  2.9531002e-05   0.0035961622  6.1266021e-05
            600   0.0022639789  4.0171572e-05   0.0015950021  2.8321915e-05    0.003310478  5.8790939e-05
            610   0.0020051366  3.7806132e-05   0.0014135547  2.6672687e-05   0.0029300972  5.5296788e-05
            620   0.0019309779  3.7100574e-05   0.0013629965  2.6208921e-05   0.0028180384  5.4196376e-05
            630   0.0017577033  3.5397188e-05   0.0012396166  2.4982405e-05   0.0025672197  5.1745466e-05
            640   0.0015944116  3.3713203e-05   0.0011238546  2.3781361e-05   0.0023301386  4.9314221e-05
            650   0.0015131223  3.2842676e-05   0.0010671812  2.3181631e-05    0.002209881  4.8011137e-05
            660    0.001332004  3.0814864e-05  0.00093778545  2.1711389e-05   0.0019490364  4.5130228e-05
            670   0.0012364534  2.9689218e-05   0.0008724803   2.096665e-05   0.0018046951  4.3375236e-05
            680   0.0011466073  2.8590295e-05   0.0008081756  2.0167874e-05   0.0016758299  4.1827147e-05
            690   0.0010974058  2.7970283e-05  0.00077449328  1.9756141e-05   0.0016016084  4.0861376e-05
            700   0.0010032814  2.6744103e-05  0.00070644968  1.8845394e-05   0.0014675312  3.9153654e-05
            710  0.00087564287  2.4985239e-05  0.00061657982  1.7607423e-05   0.0012811448  3.6591296e-05
            720  0.00083998965  2.4471288e-05   0.0005915691  1.7247536e-05   0.0012286187  3.5826735e-05
            730     0.00077724  2.3539607e-05  0.00054657746  1.6566258e-05   0.0011385502  3.4513616e-05
            740   0.0007016552  2.2365907e-05  0.00049463471  1.5780059e-05   0.0010252911  3.2715333e-05
            750  0.00064461006  2.1437467e-05  0.00045283409  1.5071421e-05      0.0009454  3.1470146e-05
            760   0.0006517407  2.1555732e-05  0.00045894258  1.5190701e-05  0.00095323585  3.1556187e-05
            770  0.00052909365  1.9422042e-05  0.00037357053  1.3724535e-05  0.00077171181  2.8356848e-05
            780  0.00052124995  1.9277571e-05  0.00036664668  1.3570135e-05  0.00076330417  2.8255557e-05
            790  0.00045136965  1.7938943e-05  0.00031792154  1.2645816e-05  0.00065999401  2.6256702e-05
            800  0.00045136965  1.7938943e-05  0.00031792154  1.2645816e-05  0.00065999401  2.6256702e-05
