#        pttbar        central        num_err    min (scale)        num_err    max (scale)        num_err
              0    0.014154934  0.00011023274     0.01000214  8.0323855e-05    0.020563899  0.00015544443
             10    0.042206768  0.00019193108    0.029831499  0.00013975391    0.061302925  0.00027090011
             20    0.069183748  0.00024032002    0.048934458  0.00017512656     0.10042014  0.00033889358
             30    0.093951387  0.00027527875    0.066526661  0.00020038367     0.13622855  0.00038862762
             40     0.11669744   0.0003015403    0.082717754  0.00021932977     0.16905446  0.00042605951
             50     0.13855848  0.00032107107    0.098364896  0.00023316143     0.20043703  0.00045446227
             60     0.15711015  0.00033188421     0.11166593  0.00024067395     0.22702769  0.00047043813
             70     0.17395649  0.00034753888     0.12378825    0.000251598     0.25109476  0.00049349312
             80     0.18730954     0.00034819     0.13341871  0.00025166065     0.27013326  0.00049530838
             90     0.20005424  0.00035344323     0.14263154  0.00025530912     0.28826841  0.00050308078
            100      0.2090021  0.00037137422     0.14910518  0.00027038932     0.30099788  0.00052475346
            110     0.21437279  0.00036595323     0.15302122  0.00026436066     0.30859184  0.00052090599
            120     0.21808306  0.00037002988      0.1557284  0.00026791858     0.31384061  0.00052561209
            130       0.217709  0.00036391149     0.15549798  0.00026216378     0.31325669  0.00051968402
            140     0.21607389  0.00035984236     0.15434001  0.00025951517     0.31091284  0.00051324464
            150     0.21135276  0.00036792397     0.15099326  0.00026583687     0.30409237  0.00052378068
            160     0.20598059  0.00034798903     0.14714236  0.00025083479      0.2964153  0.00049668015
            170     0.19845008  0.00034151815     0.14176083  0.00024602957     0.28560649  0.00048775138
            180      0.1908412  0.00033135414     0.13629859  0.00023828645     0.27473476   0.0004741183
            190     0.18070958  0.00031941391     0.12903477   0.0002293196     0.26022647  0.00045784714
            200     0.17170652  0.00031842766     0.12257861  0.00022897573     0.24733812  0.00045572105
            210     0.16156357  0.00030389182     0.11531365   0.0002180758      0.2327926  0.00043587349
            220     0.15152198  0.00029421292     0.10812439   0.0002110758     0.21838264  0.00042214063
            230     0.14174506  0.00028433568     0.10110379  0.00020378293     0.20439657  0.00040841879
            240     0.13236399  0.00027545876    0.094408442  0.00019737416     0.19088384   0.0003957802
            250     0.12276916   0.0002667773    0.087533881  0.00019114026     0.17712204  0.00038336757
            260     0.11367768  0.00025685584    0.081016444  0.00018385154     0.16408743  0.00036950642
            270     0.10542468  0.00024784439    0.075117974  0.00017735907     0.15221598  0.00035665356
            280    0.096912422  0.00023850021    0.069031502  0.00017061201     0.13997736  0.00034335189
            290    0.089539028  0.00022982987    0.063774802  0.00016439792     0.12934167  0.00033091546
            300     0.08217482  0.00022076304    0.058500969  0.00015781183     0.11876939  0.00031808706
            310    0.075315076  0.00021215217    0.053606934  0.00015163009      0.1088827   0.0003057558
            320    0.069157085  0.00020373923    0.049206596  0.00014555378     0.10001922  0.00029377739
            330    0.064126718  0.00019707337    0.045624677  0.00014078893    0.092752873  0.00028418183
            340    0.058313074  0.00018835052    0.041473404  0.00013449694    0.084379946  0.00027175013
            350    0.053499571  0.00018073216    0.038028123   0.0001289853    0.077463181  0.00026091603
            360    0.048865856  0.00017324757    0.034736364  0.00012364895    0.070751281   0.0002501081
            370    0.044842468   0.0001665024    0.031872501  0.00011881225    0.064935879  0.00024042925
            380    0.040994141  0.00016371931    0.029130488  0.00011697508    0.059379272  0.00023608721
            390    0.037636657  0.00015332378    0.026742211  0.00010936737     0.05452184  0.00022150258
            400    0.034456994  0.00014699313    0.024479283  0.00010482941    0.049923953  0.00021240619
            410    0.031227166  0.00014026925    0.022175782  9.9996673e-05     0.04526485  0.00020277969
            420    0.028845396  0.00013505875    0.020482548  9.6265269e-05    0.041816779  0.00019528675
            430    0.026572384  0.00012992908    0.018865692  9.2592834e-05    0.038528824  0.00018791093
            440    0.024028216  0.00012380007    0.017048448  8.8161968e-05    0.034869201  0.00017934163
            450    0.022224836  0.00011915773    0.015771405  8.4867344e-05    0.032241643  0.00017243884
            460    0.020311263  0.00011417935    0.014408634  8.1286501e-05    0.029476783  0.00016531867
            470    0.018520996  0.00010919893    0.013140639  7.7754938e-05    0.026874486  0.00015807893
            480    0.017036143  0.00010498714    0.012082572  7.4721477e-05     0.02473099  0.00015206845
            490    0.015487836  0.00010037487    0.010986426  7.1450282e-05    0.022478841  0.00014536257
            500    0.014196819  9.6236179e-05    0.010069453  6.8500917e-05    0.020607614  0.00013937341
            510    0.013079713  9.2433459e-05   0.0092770005  6.5784318e-05    0.018986249  0.00013388724
            520    0.012016789  8.8640189e-05   0.0085183673  6.3047102e-05    0.017454097   0.0001284839
            530    0.011048909  8.5196749e-05   0.0078329481  6.0599176e-05    0.016046698  0.00012348774
            540    0.010186095  8.1956531e-05   0.0072202567  5.8286866e-05    0.014795522  0.00011880431
            550   0.0093315322  7.8459847e-05   0.0066105566  5.5762491e-05    0.013563001  0.00011381856
            560   0.0084844496  7.4892139e-05   0.0060121909  5.3242274e-05    0.012327773  0.00010860711
            570   0.0078410906  7.2048655e-05   0.0055513641  5.1174434e-05    0.011404456  0.00010459288
            580   0.0071076188  6.8687363e-05   0.0050346593  4.8813322e-05    0.010331636  9.9652376e-05
            590   0.0066095095  6.6266438e-05   0.0046794152  4.7059604e-05   0.0096127721  9.6213125e-05
            600   0.0061797911  6.4290846e-05   0.0043780116  4.5687154e-05   0.0089814297  9.3277117e-05
            610   0.0056327575   6.149588e-05   0.0039926774  4.3728032e-05   0.0081813666  8.9162342e-05
            620    0.005143997  5.8761745e-05   0.0036423089  4.1733083e-05   0.0074803587   8.531179e-05
            630   0.0048093876  5.6899185e-05   0.0034027639  4.0377517e-05   0.0069994397  8.2676335e-05
            640   0.0045275857  5.5229038e-05   0.0032064555  3.9238244e-05   0.0065830855  8.0180022e-05
            650   0.0041548669  5.3022376e-05   0.0029430851  3.7668152e-05   0.0060389409  7.6951832e-05
            660   0.0037868936   5.063574e-05   0.0026812758  3.5959887e-05   0.0055071802  7.3526098e-05
            670   0.0035632759   4.914359e-05   0.0025230991  3.4898059e-05     0.00518123  7.1353271e-05
            680   0.0032156729  4.6651284e-05   0.0022747753  3.3095367e-05   0.0046805455  6.7804957e-05
            690   0.0029902639  4.5050869e-05   0.0021176296  3.1991823e-05   0.0043471442  6.5404697e-05
            700   0.0026857513  4.2722875e-05   0.0019010281   3.032422e-05   0.0039067795   6.206224e-05
            710   0.0025576803  4.1759307e-05   0.0018109827  2.9650305e-05   0.0037191299  6.0639689e-05
            720   0.0023871751  4.0351953e-05   0.0016886174  2.8622106e-05    0.003474769  5.8661451e-05
            730   0.0021477696  3.8299629e-05   0.0015188699  2.7160697e-05   0.0031269115  5.5681843e-05
            740   0.0020524486  3.7522894e-05   0.0014525977  2.6628696e-05   0.0029856682  5.4512378e-05
            750   0.0018429473  3.5541644e-05   0.0013047811  2.5229035e-05   0.0026800411  5.1628068e-05
            760   0.0017788581  3.4958262e-05   0.0012591047  2.4807164e-05   0.0025874541  5.0796597e-05
            770    0.001657029  3.3810281e-05   0.0011731656  2.3998807e-05   0.0024095371  4.9113512e-05
            780   0.0015266081  3.2470532e-05   0.0010800979   2.303629e-05   0.0022214498  4.7190096e-05
            790   0.0014418678  3.1478165e-05   0.0010177222  2.2271272e-05   0.0021037004  4.5888048e-05
            800   0.0014418678  3.1478165e-05   0.0010177222  2.2271272e-05   0.0021037004  4.5888048e-05
