#       ptHiggs        central        num_err    min (scale)        num_err    max (scale)        num_err
              0      0.3650765   0.0011919439     0.32978522   0.0010786886     0.39307042   0.0013007055
             10      1.0653958    0.002020584      0.9623984   0.0018281778      1.1471619   0.0022062737
             20      1.6846231   0.0025216646      1.5217636   0.0022821101      1.8138279   0.0027558174
             30       2.199836    0.002863542      1.9886618   0.0025935626      2.3655422   0.0031323206
             40      2.5651752    0.003076795      2.3193742   0.0027867841       2.757237   0.0033547779
             50      2.7896794   0.0031980163      2.5237837      0.0028986      2.9954776   0.0034845629
             60      2.8871341   0.0032475226      2.6140208   0.0029473274      3.0956509   0.0035464502
             70      2.8722511   0.0032368054      2.6026742   0.0029396464      3.0748455   0.0035399578
             80      2.7722979   0.0031817844      2.5135064    0.002888814      2.9646999    0.003465882
             90      2.6145633   0.0030921165      2.3725352   0.0028124951      2.7911401   0.0033738887
            100      2.4275847   0.0029838446          2.205   0.0027193826      2.5868964   0.0032892074
            110      2.2161124    0.002854049      2.0143938   0.0025981959      2.3579044    0.003101891
            120      2.0025649   0.0027172337      1.8214622   0.0024742203      2.1278106     0.00294791
            130      1.7849317   0.0025689438      1.6260222   0.0023438323      1.8911189   0.0027910855
            140      1.5908372   0.0024303742      1.4503654   0.0022213707      1.6827154   0.0026893884
            150       1.400987   0.0022840101      1.2781648   0.0020830216      1.4796936   0.0025049552
            160      1.2385067   0.0021474956       1.130757   0.0019620898      1.3058905   0.0023334531
            170      1.0857154   0.0020119072     0.99212707   0.0018383441       1.142689   0.0021839746
            180     0.95341724    0.001886874     0.87228482   0.0017289163      1.0009313   0.0020588929
            190     0.83717859   0.0017689975     0.76654548   0.0016179503     0.87742591    0.001916312
            200     0.73277942   0.0016559861     0.67162235   0.0015160255     0.76637785   0.0018005141
            210     0.63912147   0.0015457438     0.58604715   0.0014165921     0.66767709   0.0016736804
            220     0.56360938    0.001450393     0.51684407   0.0013287407     0.58840452   0.0015691447
            230     0.49220619   0.0013580833     0.45204304    0.001244444     0.51228373   0.0014950501
            240      0.4320404   0.0012695796     0.39680456   0.0011635922     0.44933838   0.0013753435
            250     0.37937891   0.0011891039     0.34898913   0.0010906515     0.39330806   0.0012832164
            260     0.33439678   0.0011161518     0.30762829   0.0010232249     0.34649743   0.0012118619
            270     0.29446668   0.0010468544     0.27130195  0.00096120142     0.30419649    0.001134103
            280     0.26042865  0.00098303646     0.23982746  0.00090301936     0.26914794   0.0010588462
            290     0.22820617  0.00092406797     0.21054967   0.0008456053     0.23496147  0.00098622997
            300     0.20050917   0.0027600841     0.18675689   0.0010596505     0.20398332    0.005122421
            310     0.17853775  0.00081976822     0.16523176  0.00076897842     0.18309099  0.00095087261
            320     0.15799497  0.00076741073     0.14618435  0.00070623168     0.16197443  0.00082805983
            330      0.1397696  0.00072081115     0.12955789  0.00066305749     0.14297049  0.00077273068
            340     0.12415764  0.00068089444      0.1152717  0.00062849021     0.12673848  0.00075206607
            350     0.11027595  0.00063941594     0.10219233  0.00058733305     0.11275743  0.00068126247
            360    0.098094639  0.00060716965    0.091068348  0.00055455233     0.10012209  0.00065507299
            370    0.088671637  0.00057337703    0.082360121  0.00052741806    0.090417173  0.00061148914
            380    0.078636502  0.00054062828    0.073159917  0.00049758522    0.080016646  0.00057619039
            390    0.071204899  0.00051441753    0.066080334  0.00047075367    0.072646131  0.00055312842
            400     0.06338649   0.0004861291    0.059014263  0.00044554222    0.064473875  0.00050139904
            410    0.056134218  0.00046501769    0.052353292  0.00041929411    0.057051135  0.00048978222
            420    0.050020592  0.00043218559    0.046711373  0.00039737666    0.050803421  0.00044704355
            430    0.045612198  0.00045846861    0.042725963  0.00037808321    0.046247226  0.00053412496
            440    0.040738109  0.00039007725    0.037930704   0.0003567004     0.04142397  0.00040291586
            450    0.036513491  0.00036800111    0.034179259  0.00033900732    0.037087964  0.00037949402
            460    0.033295271  0.00035325563    0.031255025  0.00032814562    0.033769704  0.00036494991
            470     0.02963377  0.00033356201    0.027712109  0.00030458497    0.030055535  0.00034444208
            480    0.026549895  0.00031638555    0.024901715  0.00028987001    0.026892108  0.00032800937
            490    0.023434844  0.00029943824    0.022021271  0.00027185871    0.023728849  0.00031370589
            500    0.022508766  0.00028950054    0.021050172   0.0002651531    0.022851927  0.00029934845
            510    0.019582973   0.0002747328    0.018437593  0.00024913552    0.019819688  0.00028663618
            520     0.01796317  0.00026259201    0.016966428  0.00023866365    0.018131144  0.00027291269
            530    0.016218592  0.00024538554    0.015152783   0.0002242931     0.01646671  0.00025318726
            540    0.013993553  0.00022982688    0.013193805  0.00021011642    0.014123253  0.00023856511
            550    0.012936235  0.00022169993    0.012205838  0.00020178904    0.013059819  0.00023070096
            560    0.011719905  0.00021012692    0.011031106  0.00019363734     0.01186441  0.00021736641
            570     0.01077743  0.00020539971    0.010259048  0.00024558083    0.010807293  0.00021661878
            580   0.0096012635  0.00020047463   0.0091468705  0.00017658114   0.0096870283  0.00021250887
            590   0.0090689946  0.00018620372   0.0086061714  0.00017051709    0.009131187  0.00019278112
            600   0.0081988859  0.00018064103   0.0077042111  0.00016139373   0.0082995235  0.00019046237
            610   0.0072630152  0.00016558348   0.0068894162  0.00015142697   0.0073422486   0.0001716545
            620   0.0067613371  0.00016693481   0.0063822651  0.00020524621    0.006786325  0.00017727491
            630   0.0061201985  0.00015742604   0.0058267846  0.00018508525   0.0061372814  0.00016496757
            640   0.0061157988  0.00015112816   0.0057919348  0.00013991136   0.0061784597  0.00015672664
            650    0.005303937  0.00014490233   0.0050336436  0.00013132925   0.0053253284  0.00016045653
            660   0.0047241549  0.00014759223   0.0043818902  0.00020045083   0.0047241549  0.00014759223
            670   0.0043611475   0.0001299461   0.0041370749  0.00011827112    0.004398527  0.00013506244
            680   0.0038606696  0.00012563605   0.0036453797  0.00014622342   0.0038668842  0.00013152596
            690    0.003675002  0.00012050256   0.0034753735  0.00013810223    0.003675002  0.00012050256
            700    0.003358262  0.00011414448   0.0031851646  0.00010468634   0.0033751129   0.0001181699
            710   0.0031303975  0.00011139717   0.0029592817  0.00010029922   0.0031622577  0.00011660388
            720   0.0027450423  0.00010499363   0.0025735097  0.00011893182   0.0027450423  0.00010499363
            730   0.0026292132  0.00010272138   0.0024858845  9.1713484e-05   0.0026501381  0.00010832413
            740   0.0025878171  0.00010115463    0.002448359  8.9677793e-05   0.0026008439  0.00010975292
            750   0.0021999151  9.4524908e-05   0.0020533373   0.0001123654   0.0022002373  9.9458287e-05
            760   0.0019714566  8.7318924e-05   0.0018745782  9.7096847e-05   0.0019801767   9.075168e-05
            770   0.0018804136  8.9535848e-05   0.0017410746  0.00010668727   0.0018804136  8.9535848e-05
            780   0.0017720608   9.336882e-05    0.001510812  0.00016102549   0.0018147436  0.00011394483
            790   0.0015700925  7.9036265e-05   0.0014908801  7.1597996e-05   0.0015820215  8.2357427e-05
            800   0.0015700925  7.9036265e-05   0.0014908801  7.1597996e-05   0.0015820215  8.2357427e-05
