#         pttop        central        num_err    min (scale)        num_err    max (scale)        num_err
              0     0.18505376  0.00094051854     0.17927441  0.00091829123     0.18919498  0.00096239903
             10     0.53882529   0.0015976194     0.52472715   0.0015601917     0.55080464   0.0016332543
             20     0.87441713   0.0020263929     0.85470485   0.0019891445     0.89392344   0.0020725804
             30      1.1781233   0.0023434577      1.1550133   0.0022997287      1.2038956   0.0023951722
             40      1.4472145   0.0025903315      1.4215926   0.0025460031      1.4784733   0.0026466305
             50      1.6820305   0.0027843162      1.6546114   0.0027397845      1.7177869   0.0028439165
             60      1.8646759   0.0029255318      1.8344595    0.002879019      1.9036143   0.0029870488
             70      2.0003407   0.0030251441      1.9678794   0.0029771331      2.0416151   0.0030880375
             80      2.0986356   0.0030955127      2.0647912   0.0030464938       2.141259   0.0031588055
             90       2.148437   0.0031300894      2.1141427   0.0030809615      2.1913019   0.0031929336
            100      2.1598784   0.0031375728      2.1255419   0.0030885132      2.2024738   0.0031998764
            110      2.1385261   0.0031223903      2.1049462   0.0030742199      2.1799507   0.0031831987
            120      2.0895878   0.0030886491      2.0568089    0.003041111       2.129739    0.003148239
            130      2.0111698   0.0030331942      1.9798854   0.0029869531      2.0493177   0.0030909957
            140      1.9285589   0.0029731424      1.8987585    0.002928253      1.9647028   0.0030291491
            150      1.8297166   0.0028997596      1.8015918   0.0028561076      1.8636494   0.0029536626
            160      1.7139867   0.0028100963      1.6878385   0.0027680493      1.7454022   0.0028617142
            170      1.5939605   0.0027136947      1.5697373   0.0026732941      1.6229175   0.0027630803
            180      1.4834939   0.0026223109      1.4609199   0.0025834236      1.5103657   0.0026697168
            190      1.3633968   0.0025171716      1.3428142   0.0024800595      1.3877201   0.0025619811
            200      1.2566326   0.0024201517      1.2376848   0.0023845476      1.2788879   0.0024628498
            210      1.1519368    0.002319918      1.1346381   0.0022859734      1.1721342   0.0023604947
            220      1.0488229   0.0022162551      1.0330781   0.0021838713      1.0670629   0.0022546171
            230     0.95414361   0.0021171107     0.93997923   0.0020865817     0.97047025   0.0021530599
            240     0.86503537   0.0020187578     0.85217183   0.0019897244     0.87976274   0.0020528562
            250     0.78114318   0.0019212485     0.76956118   0.0018939131     0.79430717    0.001953237
            260       0.708861   0.0018317665     0.69842152   0.0018056747     0.72064643   0.0018618437
            270     0.63835396   0.0017396911     0.62898053   0.0017150845     0.64887887    0.001767996
            280     0.57798453   0.0016574891     0.56956004   0.0016342573      0.5873856   0.0016840181
            290     0.51953895   0.0015726739       0.512005   0.0015508858     0.52788228   0.0015974684
            300     0.46881972   0.0014953465     0.46208992   0.0014747923     0.47622298   0.0015184941
            310     0.42054151   0.0014179936      0.4145485   0.0013986964     0.42709105   0.0014395337
            320     0.37996372   0.0013490504     0.37456877    0.001331073     0.38581596   0.0013692708
            330     0.33850367   0.0012746035     0.33371629   0.0012576284     0.34367412   0.0012935317
            340     0.30561186   0.0012123922     0.30138744   0.0011966542     0.31014534   0.0012297194
            350     0.27350543   0.0011478417      0.2697526   0.0011330781     0.27750645   0.0011640104
            360     0.24774254   0.0010933311     0.24438783   0.0010794536     0.25129816   0.0011084114
            370     0.22277087   0.0010382662     0.21978755   0.0010255215     0.22591899   0.0010522083
            380     0.19915936  0.00098213387     0.19653253  0.00097009132     0.20191896  0.00099512504
            390      0.1797685  0.00093361417     0.17743985  0.00092237478     0.18220002  0.00094567264
            400     0.16214495  0.00088776009     0.16001949  0.00087719045     0.16434951  0.00089954573
            410     0.14487611  0.00084050668     0.14302814  0.00083078989     0.14678541  0.00085083662
            420       0.130868  0.00079820633     0.12924181  0.00078906766     0.13254752  0.00080792023
            430     0.11993975  0.00076468385     0.11848522  0.00075610903     0.12142323  0.00077364908
            440     0.10606354  0.00071955306     0.10478521  0.00071156007      0.1073665  0.00072791439
            450    0.095485557  0.00068397717    0.094365122  0.00067668242     0.09662086   0.0006915505
            460    0.086829779  0.00065320095    0.085826656   0.0006463789    0.087846341  0.00066044315
            470    0.078169575  0.00061963817    0.077268841  0.00061321485    0.079079861  0.00062630427
            480    0.070475155  0.00058974048    0.069669568  0.00058365682    0.071283647  0.00059602331
            490    0.064359172  0.00056337246     0.06365013  0.00055775848    0.065073054  0.00056915573
            500    0.058252942  0.00053637764    0.057619271  0.00053112389    0.058885918   0.0005417437
            510     0.05312832  0.00051331622    0.052580127   0.0005085277    0.053673363  0.00051815549
            520    0.048479103  0.00049028235    0.047961474  0.00048568369    0.048993787  0.00049505294
            530    0.043189899  0.00046532842     0.04273448  0.00046099767    0.043641024  0.00046978885
            540    0.038845831  0.00044079982    0.038463071  0.00043695196    0.039224181  0.00044469677
            550    0.035268814  0.00041999587    0.034914394  0.00041623669     0.03562021  0.00042381434
            560    0.032789519  0.00040529352    0.032467578  0.00040181777    0.033105712   0.0004087886
            570    0.028684445  0.00038197483    0.028391096  0.00037876948    0.028972844  0.00038525765
            580    0.026567355  0.00036660858    0.026313708  0.00036369948    0.026817534  0.00036959114
            590    0.023769178  0.00034722454    0.023547994  0.00034444795    0.023985556  0.00034999448
            600    0.021720585  0.00033256388    0.021519143  0.00033001294    0.021918729  0.00033514371
            610    0.020135703   0.0003190275    0.019949913  0.00031657476      0.0203183  0.00032151724
            620    0.018615191  0.00030723968    0.018445811  0.00030501315    0.018780572  0.00030955794
            630     0.01696413  0.00029430708    0.016814057  0.00029259905    0.017104577  0.00029633465
            640     0.01472756  0.00027541524    0.014595525  0.00027328826    0.014857523  0.00027756225
            650    0.013806174  0.00026680205    0.013693486    0.000265103    0.013916744  0.00026853965
            660    0.013281102  0.00026069521     0.01317532  0.00025888664    0.013384807  0.00026250203
            670    0.011157796  0.00024115497    0.011070787  0.00023960371    0.011242329  0.00024271607
            680    0.010716382  0.00023526975    0.010631641   0.0002336989    0.010798643  0.00023684231
            690   0.0096550483   0.0002260522   0.0095788481  0.00022460792   0.0097297348  0.00022749924
            700   0.0087463579  0.00021407443    0.008675039  0.00021269681   0.0088152646  0.00021548091
            710   0.0083510125  0.00020961434   0.0082848479  0.00020862603   0.0084154806  0.00021079438
            720   0.0076389937  0.00019988266   0.0075804418  0.00019880303   0.0076956238  0.00020095829
            730   0.0070796539  0.00019396501   0.0070272305  0.00019280293   0.0071304181  0.00019511026
            740   0.0062761617  0.00018275822   0.0062299877  0.00018166181   0.0063210383  0.00018385096
            750   0.0060862003  0.00017854938   0.0060421983  0.00017750476   0.0061294613  0.00017960876
            760   0.0050818374  0.00016407267   0.0050471324  0.00016315002   0.0051154917  0.00016498796
            770   0.0051192236   0.0001621033   0.0050867347  0.00016118609   0.0051506952  0.00016300829
            780   0.0044619695  0.00015407072    0.004433103  0.00015330164   0.0044899039  0.00015483404
            790   0.0041445318  0.00014801974   0.0041160844  0.00014726106   0.0041723869   0.0001487968
            800   0.0041445318  0.00014801974   0.0041160844  0.00014726106   0.0041723869   0.0001487968
