#        pttbar        central        num_err    min (scale)        num_err    max (scale)        num_err
              0     0.19280743   0.0012725309     0.18122009   0.0013803148     0.20476737   0.0017867936
             10     0.57305677   0.0027095577     0.53752341   0.0026812975     0.61023431   0.0032592391
             20     0.93005484   0.0025667669     0.87349625   0.0023970505     0.98618435   0.0039592834
             30      1.2477875   0.0029667445      1.1753459   0.0027586928      1.3186502   0.0042001249
             40       1.526228   0.0032727911      1.4400947   0.0031142297      1.6080923   0.0046342472
             50      1.7677067   0.0038405202      1.6646461   0.0033168443      1.8591507   0.0051361974
             60      1.9627018   0.0036265825      1.8548341   0.0046817112         2.0676   0.0051761454
             70      2.1054302    0.004504852      1.9910488   0.0039362015      2.2036234   0.0056195809
             80        2.20329   0.0044902325      2.0818156   0.0039039246      2.3140145    0.005751298
             90       2.249418   0.0039143232      2.1309098   0.0037496695      2.3522989   0.0055177656
            100      2.2614707   0.0039502583      2.1416046   0.0048199099      2.3593571   0.0055713617
            110      2.2323654   0.0038640926      2.1133168   0.0036347675      2.3346097   0.0054354984
            120      2.1755071   0.0039312798      2.0592394   0.0036943683      2.2679277   0.0052825255
            130       2.100177   0.0037852001      1.9956944   0.0046987315      2.1857622   0.0052770949
            140      2.0028681   0.0036512698       1.895568   0.0045736767      2.0836052   0.0051636299
            150      1.9011174   0.0035802353      1.8036564   0.0036401626      1.9725756   0.0069677448
            160      1.7750578   0.0034023048      1.6872488   0.0033029779      1.8380687   0.0048344091
            170       1.652171   0.0032663151      1.5665819   0.0030851614      1.7147074   0.0045977239
            180      1.5359058    0.003407424      1.4563387   0.0029783368      1.5900665   0.0043991178
            190      1.4092619   0.0030496336      1.3364564   0.0030149446      1.4623794   0.0041939374
            200      1.2933889   0.0038277342      1.2260383   0.0026572401      1.3357521    0.003970176
            210      1.1857074   0.0027563526      1.1260786    0.002583009      1.2273337    0.003807927
            220      1.0794147   0.0027237076      1.0254807   0.0027342272      1.1132246   0.0036257691
            230      0.9840205   0.0025413026     0.93653574   0.0025529261      1.0144633   0.0034496871
            240     0.89100848   0.0024024016     0.84723832   0.0023991052     0.91985976   0.0032791873
            250     0.80665767   0.0023255606      0.7663665   0.0023919278     0.83170471   0.0031518668
            260     0.72671776   0.0025217879     0.69283937   0.0021115107     0.74883194   0.0029737486
            270     0.65288965   0.0022332359     0.62073135   0.0020319862     0.67164194   0.0027671636
            280     0.58580451   0.0036460076     0.55974118    0.006868503     0.60604672   0.0029081677
            290     0.53340629    0.001853535     0.50812052   0.0018359109     0.54691336   0.0022949861
            300     0.47541618   0.0017334317     0.45244456   0.0016135572     0.48808125   0.0023436216
            310     0.43405518   0.0016554615     0.41226063   0.0016813377     0.44820618   0.0022467361
            320     0.38552586    0.001581427     0.36662647   0.0014946226     0.39656846    0.002100099
            330     0.34659175   0.0014965141      0.3302196   0.0014614706     0.35514807   0.0018292189
            340     0.31227709   0.0014259446     0.29724224   0.0013398794     0.32078766   0.0017253574
            350     0.28083139   0.0013311738      0.2672134   0.0012617121     0.28822528   0.0016307874
            360     0.25245437   0.0012931087     0.24087525   0.0012631675      0.2571697   0.0015583695
            370     0.22670864   0.0012003214     0.21629116    0.001238301     0.23217972   0.0014632458
            380     0.20393358   0.0013070743     0.19368594   0.0013269716     0.20874478   0.0014843586
            390     0.18408254   0.0011016231     0.17534787   0.0010906885     0.18840289   0.0013153412
            400     0.16739752   0.0010457064     0.15933019    0.001021528     0.17169885   0.0012543853
            410     0.14823342  0.00099219567      0.1420799   0.0012869302     0.15166044   0.0011804553
            420     0.13467344  0.00097684547     0.12840572   0.0012428399     0.13674167    0.001134796
            430     0.12056587  0.00087106317     0.11479377  0.00084635346     0.12329255   0.0010534719
            440     0.10962285  0.00088105934     0.10520468  0.00090050104     0.11102636   0.0010098986
            450    0.097311156  0.00080562865    0.093202095  0.00079753188    0.098742798  0.00095679315
            460    0.089498621  0.00090272696    0.085790415  0.00089807149    0.090455521   0.0010077772
            470    0.080627745  0.00072332938     0.07704694   0.0007234121    0.082277543  0.00085747073
            480    0.072758818  0.00074372182    0.069589555  0.00083969249    0.074364041  0.00083427604
            490    0.066966224  0.00068079458     0.06399516  0.00070816104    0.072115593    0.004749164
            500    0.058913417  0.00062026109    0.056114106  0.00058979848    0.060285244   0.0007358742
            510    0.053876277  0.00060486279    0.052322956  0.00062530991    0.056053885   0.0024253237
            520    0.048856017  0.00056334961    0.047087563  0.00055543382    0.048949614  0.00070815462
            530    0.043743757  0.00054400905    0.042126364  0.00056077254    0.044164916  0.00063445673
            540    0.039323846  0.00051618221    0.037958645  0.00057205718    0.039974588  0.00060482301
            550     0.03627212   0.0004750908    0.034600371  0.00043835145    0.037145526  0.00057024006
            560    0.032629223  0.00045430937    0.031267385   0.0004395609    0.033303508   0.0005472621
            570    0.030587325  0.00043988709    0.029199838  0.00041166041    0.031226153  0.00052355413
            580    0.027047894  0.00044077013    0.026107168  0.00045893995    0.027548985   0.0004941784
            590    0.025163418  0.00040300967    0.024056098  0.00037370637    0.025818745  0.00052030578
            600    0.022561504  0.00038886511    0.021392006  0.00035625496    0.023003477  0.00044922432
            610    0.020877918  0.00037826583    0.020055468  0.00038387573    0.021187972   0.0004313631
            620    0.019082831  0.00034849776     0.01820083  0.00033382219    0.019556475   0.0004049583
            630    0.016767243  0.00033124564    0.016277652  0.00031909145    0.016815325  0.00032642919
            640    0.015673352  0.00032464295    0.015082552  0.00031289898    0.015860532  0.00037753263
            650    0.014455745  0.00030329843    0.013795933  0.00028576377    0.014737606  0.00035657147
            660    0.013209599   0.0002886096    0.012548982  0.00027172293    0.013546417  0.00033807534
            670    0.012157705  0.00027805212    0.011759841  0.00026008734    0.012205077  0.00033091264
            680    0.011739582  0.00043591698    0.010899935  0.00026208652    0.011840077  0.00033734542
            690    0.010090099  0.00026100529   0.0097705619  0.00025536827    0.010381569   0.0003871041
            700   0.0095674126  0.00025532794   0.0091933031  0.00024701953   0.0096840298  0.00029499323
            710   0.0084565128   0.0002312723   0.0080999804  0.00021421178    0.008711877  0.00027271644
            720   0.0077499538  0.00026883447   0.0073023877  0.00025189498   0.0077499538  0.00026883447
            730   0.0072418665  0.00022825725   0.0069477564  0.00022931618   0.0073100807  0.00025155283
            740   0.0067404261  0.00027361345   0.0065032591  0.00029614934   0.0068156217  0.00028158393
            750   0.0057873296  0.00019266008   0.0055151022  0.00017618188   0.0059163136  0.00022957449
            760   0.0060376129  0.00019310515   0.0057507364  0.00017964314   0.0061820836  0.00022632284
            770   0.0053837025  0.00018449676   0.0051033042  0.00032191497   0.0055018135  0.00021917712
            780    0.004527274  0.00017140438   0.0043194335  0.00016173596   0.0046117566  0.00019997765
            790     0.00414786  0.00016697906   0.0040297912  0.00015516043   0.0041527936  0.00016273071
            800     0.00414786  0.00016697906   0.0040297912  0.00015516043   0.0041527936  0.00016273071
