#        pttbar        central        num_err    min (scale)        num_err    max (scale)        num_err
              0     0.18790645   0.0059211144     0.17579084   0.0054323016     0.19903041   0.0075293731
             10     0.56856526    0.010054053      0.5303328   0.0094732037     0.61052013    0.012629956
             20      0.9048202    0.012039523     0.84622665    0.011223188     0.97146931    0.015234616
             30      1.2615958    0.014749617      1.1765457    0.013680519      1.3611536    0.018653066
             40      1.5484676    0.017553372      1.4590606    0.024136756      1.6473154    0.019551803
             50      1.7652841    0.024171545      1.6582801     0.02736786      1.8889182    0.026092253
             60      1.9834217    0.017958463      1.8576477    0.017242479       2.118541    0.021863062
             70      2.1300176     0.01818512       1.993403    0.016876405      2.2726444    0.022900118
             80      2.2146862    0.018438647      2.0736099    0.017128363       2.362727    0.023214432
             90      2.2835901    0.020710143      2.1378402    0.022695183      2.4344882    0.023322076
            100      2.2627731    0.018678121      2.1124951     0.01765022      2.4222712    0.023220235
            110      2.2297902    0.018170428      2.0862113    0.016588297      2.3811424    0.023029122
            120      2.1840898    0.018470115      2.0455311    0.017189697      2.3570905    0.038643067
            130      2.1451535    0.018452142      2.0168201    0.017574982      2.2715385    0.023636959
            140      2.0391886    0.017653553      1.9138401    0.016904061      2.1593689    0.021830126
            150      1.9205384    0.017446472      1.7988494    0.017106756      2.0459959    0.021428609
            160      1.7658786    0.016570324      1.6527116    0.018901931      1.8607689     0.02082241
            170      1.7077704    0.018138701      1.6044597     0.01969139      1.8030599    0.020058517
            180      1.5608088    0.015435699      1.4582618    0.014607369      1.6686347    0.019139821
            190      1.4434515    0.016517962      1.3585989    0.017220246      1.5113917    0.018897934
            200      1.3010142    0.013952654      1.2238434    0.012708619      1.3704139    0.017543039
            210      1.2335039     0.01419686      1.1588397    0.014015426      1.3050278    0.016992613
            220      1.0715555    0.012812855      1.0090068    0.012018643      1.1275565    0.015868775
            230      1.0146975    0.012453105     0.94931481    0.011894834      1.0792939      0.0153276
            240     0.84003548     0.07976786     0.81542088    0.052008297     0.84902979     0.11411181
            250     0.81348814    0.012783141     0.76484032    0.014392366     0.85654448    0.013747321
            260     0.72769351    0.011668483     0.68807212    0.012366939     0.75999376    0.013282641
            270     0.67865886    0.010189749     0.64034257   0.0096262734     0.70899049    0.011819818
            280     0.58321035   0.0094803284     0.54818708   0.0087155482      0.6110411    0.011791902
            290     0.55731038   0.0099847649     0.52001463     0.01105401     0.58422657    0.011252408
            300     0.48813333   0.0085681216     0.45777811   0.0079437323      0.5137793    0.010687159
            310     0.42861763   0.0080633472     0.40047227   0.0075209517     0.45569398    0.010039706
            320     0.38280292   0.0078608443     0.36080438     0.00753057     0.40030827   0.0094775997
            330     0.35798954   0.0078779742     0.34074906    0.007557838     0.37134953   0.0087903119
            340     0.30166185   0.0067719085     0.28269666   0.0065312469      0.3147738   0.0083756101
            350     0.28693943   0.0065635282     0.26856006   0.0060467101     0.30230801   0.0080969792
            360     0.25926755   0.0063320932      0.2429913     0.00590221     0.27381474   0.0077413178
            370     0.23422191   0.0059880574     0.22008735   0.0056266113     0.24602573   0.0073492657
            380     0.21099017   0.0058072402     0.20110247   0.0058420851     0.21738453   0.0065543481
            390     0.18415425   0.0052950181     0.17322472   0.0048848031     0.19249926   0.0064925227
            400     0.16659386   0.0050963253     0.15721761   0.0047286443     0.17359061   0.0062179627
            410     0.16046769   0.0049801988     0.15211611   0.0048387976     0.16543584   0.0060466279
            420     0.13307022   0.0045446236     0.12520601   0.0042731594     0.13926706   0.0055359924
            430     0.12615119   0.0044404958     0.12001166   0.0041136596     0.12913057   0.0051303218
            440     0.11639011   0.0046262808     0.11147411   0.0048451838     0.11888227   0.0048218117
            450    0.098096345   0.0046595076    0.095166229   0.0050211965    0.098416649    0.004707629
            460    0.086439721   0.0036876421    0.082530006   0.0033849065    0.089072342   0.0042803152
            470    0.074670573   0.0034269774    0.070957585   0.0031007788    0.076942463   0.0043819584
            480    0.078859355    0.003483695    0.073886655   0.0032761341    0.083801405   0.0042706277
            490    0.067418733   0.0037216661     0.06462812   0.0038616156    0.069869145    0.003849653
            500    0.059240292   0.0029705826     0.05499914   0.0027047626    0.063477118   0.0036581155
            510    0.050688958   0.0028749084    0.045850012   0.0039658635    0.051423568   0.0032856423
            520    0.051745971   0.0030580262    0.049943056   0.0031302356    0.052393174   0.0032926599
            530    0.043740798   0.0027815009    0.042207565   0.0032715215    0.043983692   0.0028219417
            540    0.042206242   0.0025842961    0.040032445   0.0025951718    0.043405826   0.0031087936
            550    0.037266963   0.0026118164    0.035445209   0.0026565351    0.038325016   0.0029290352
            560    0.033251371   0.0022468958    0.031300681   0.0020267505    0.034439044   0.0028794461
            570    0.026898078   0.0020450846    0.025920136   0.0018931913    0.027212016   0.0023623376
            580     0.02378435   0.0019920817    0.023050023   0.0018514894    0.024199709   0.0019920802
            590     0.02663516   0.0020427777    0.025190259   0.0018937292    0.027434529   0.0023383263
            600    0.022161785   0.0017922633    0.020270613   0.0015816556    0.024380622    0.002257382
            610    0.021500431   0.0017607129     0.01944706   0.0015778578    0.023757935   0.0021289555
            620    0.016389483    0.002466093    0.015842116   0.0025114168    0.016389483    0.002466093
            630    0.015527203   0.0015872826    0.014778249   0.0014262842    0.016132199   0.0019403284
            640    0.014758249   0.0015704185    0.014270926   0.0015097964    0.015057572   0.0017433459
            650    0.013142919   0.0015948593    0.012894045   0.0015795857    0.013342633   0.0015895503
            660    0.014145744   0.0015035806    0.013631812   0.0018875161    0.014171065   0.0015597525
            670    0.011864849   0.0013578845    0.011427851    0.001277283    0.011892405   0.0015447303
            680   0.0094855806   0.0012697893   0.0092268673   0.0011178109   0.0095670632   0.0013452724
            690    0.010001684   0.0012120002   0.0091850779   0.0011022528    0.011046132   0.0015077987
            700    0.010825406   0.0013280802    0.010572625   0.0016350573    0.010833945   0.0012878595
            710   0.0087365784   0.0010948421   0.0079801218  0.00095925836   0.0095173737   0.0014098765
            720   0.0086083051   0.0011142703   0.0080112778   0.0010203209    0.009222421   0.0013810216
            730    0.010102742   0.0012321481   0.0092863696   0.0011312288    0.010786689   0.0014852519
            740   0.0075016105   0.0010428864   0.0070551967  0.00095122935   0.0078339772   0.0012528662
            750   0.0056388123  0.00094697694    0.005357707     0.00105467   0.0056705919   0.0009403124
            760   0.0075436105   0.0011296579   0.0071958054   0.0011172562   0.0078224877   0.0012206041
            770   0.0049775719  0.00092736435   0.0046909684  0.00092325547   0.0053735579   0.0010479551
            780   0.0043967789  0.00082171349   0.0041912579  0.00074640518   0.0045277228  0.00095622216
            790   0.0040474035  0.00081152094    0.003718307  0.00099034177   0.0041105684  0.00079356802
            800   0.0040474035  0.00081152094    0.003718307  0.00099034177   0.0041105684  0.00079356802
