#       ptHiggs        central        num_err    min (scale)        num_err    max (scale)        num_err
              0     0.37172865   0.0013272569     0.33426311   0.0011958528      0.4032442   0.0014581092
             10      1.0798834   0.0022448829     0.97085715   0.0020242386      1.1716026   0.0024738893
             20      1.7134821   0.0028079506      1.5405237   0.0025293105      1.8588322   0.0030896954
             30      2.2257057   0.0031820666      2.0017375    0.002867599      2.4132441   0.0034941777
             40      2.6088327   0.0034306407      2.3467833   0.0030914617      2.8271056   0.0037668082
             50      2.8379731   0.0035683988       2.553805   0.0032168335      3.0736565   0.0039141787
             60      2.9432707   0.0036305002      2.6500154   0.0032792197      3.1842752   0.0039998949
             70      2.9353063   0.0036272226      2.6434768   0.0032739523      3.1738636   0.0039851897
             80      2.8479462   0.0035765523      2.5660267   0.0032281467      3.0764548   0.0039195236
             90      2.6879218    0.003481528      2.4227808   0.0031466303      2.9009321    0.003829281
            100       2.500465   0.0033671249      2.2537364   0.0030398129      2.6982032   0.0036910741
            110      2.2954522   0.0032343312      2.0698458   0.0029211667      2.4745611   0.0035476613
            120      2.0806245   0.0030867742      1.8773016   0.0028000442      2.2402033   0.0034257811
            130      1.8739903   0.0029368941      1.6901642   0.0026559673      2.0184196   0.0032323696
            140      1.6707284   0.0027813868      1.5070135   0.0025164253      1.7987824   0.0030619571
            150      1.4901073   0.0026321269       1.344028   0.0023874626      1.6038935   0.0029274203
            160       1.312126   0.0024752225      1.1834409   0.0022353223      1.4118719   0.0027168753
            170         1.1585   0.0023308662      1.0449466   0.0021086379      1.2459626    0.002575142
            180      1.0247674    0.002195472     0.92425384    0.001984696      1.1019781   0.0024234406
            190     0.90034695   0.0020609931       0.812166   0.0018613712     0.96766882   0.0022663271
            200     0.79184871   0.0019363187     0.71423313   0.0017482784     0.85093757   0.0021311442
            210      0.6992428   0.0018210014     0.63035288    0.001644371     0.75165137   0.0020102615
            220     0.61561408   0.0017109143     0.55509271   0.0015455914     0.66129084   0.0018950731
            230     0.53988055   0.0016042381     0.48656187   0.0014479109     0.58009739   0.0017846082
            240     0.47690557   0.0015088138      0.4295732   0.0013592061     0.51273083   0.0016622628
            250     0.42016842   0.0014171726     0.37851139   0.0012808858     0.45141846   0.0015813633
            260     0.37294854   0.0013356116     0.33623907   0.0012084867     0.40008736   0.0014902337
            270     0.32851939   0.0012545419     0.29594826    0.001130121     0.35275638   0.0013848562
            280     0.29340869   0.0011856931     0.26410659   0.0010686578     0.31528155   0.0013134238
            290     0.25819613   0.0011134879     0.23249947    0.001002454     0.27721716   0.0012305954
            300     0.22916302   0.0010494514     0.20601997  0.00094419877     0.24656666   0.0011634069
            310     0.20359669  0.00098938577     0.18354523  0.00090257575     0.21797106   0.0011333122
            320     0.18190579  0.00093652901     0.16392566  0.00084281863     0.19480199   0.0010404442
            330     0.15974321  0.00087776996     0.14364998  0.00078810955     0.17161548  0.00097598866
            340     0.14389204  0.00083350701      0.1296683  0.00075195585     0.15404243  0.00092792614
            350     0.12710774  0.00078460419     0.11452607  0.00070521882     0.13602213  0.00087586402
            360     0.11567655  0.00074811618     0.10404908  0.00067213589     0.12407377  0.00083241569
            370     0.10333096  0.00070774621    0.092987053  0.00063492518      0.1107016  0.00078678292
            380    0.091539555  0.00066618918    0.082309136  0.00059825012    0.098137185  0.00074612446
            390    0.082029578  0.00063067955    0.073829364  0.00056581775     0.08781191  0.00070685203
            400    0.074382307  0.00060087778    0.066936986   0.0005389815    0.079614506  0.00066870718
            410    0.066760172  0.00056983745    0.060212188  0.00052346083     0.07116114   0.0006724029
            420    0.060167767  0.00054093275    0.054106349   0.0004877949    0.064454534  0.00060893125
            430    0.054142751  0.00051411918    0.048875461  0.00046429414    0.057589364  0.00059315868
            440    0.048499434  0.00048694155    0.043703394  0.00043719658    0.051731131   0.0005467231
            450     0.04315343  0.00045898481    0.039051966  0.00045410457    0.045654402  0.00065054216
            460    0.040236281  0.00044412639    0.036329223  0.00039975702    0.042749764  0.00050013745
            470    0.036119247  0.00042005022    0.032573523  0.00037896052    0.038447176  0.00048165465
            480    0.032294562  0.00039675423     0.02902311  0.00035540704    0.034557953  0.00043953515
            490    0.028728345  0.00037522013    0.025869374  0.00033579125    0.030619826  0.00042134615
            500    0.026323705  0.00035907682    0.023718004  0.00032177175    0.028039278  0.00040284883
            510    0.024140629  0.00034443361     0.02174488   0.0003075828    0.025718269   0.0003868396
            520    0.021385909  0.00032549215    0.019293328  0.00029361825    0.022681329  0.00037805565
            530    0.019935988  0.00031358328    0.018068889  0.00028460048    0.021009949  0.00035812204
            540    0.017640904  0.00029475671     0.01599767  0.00026640574    0.018544706  0.00033520428
            550    0.016620038  0.00028652712    0.014984287  0.00025562369    0.017635739  0.00032423354
            560    0.014747488  0.00027112329    0.013322156  0.00024196227    0.015596822  0.00030701759
            570    0.013788395   0.0002611271    0.012383478  0.00023206228    0.014734438   0.0002943309
            580    0.012413168  0.00024853645     0.01117425  0.00022111458    0.013202375  0.00027944596
            590    0.011070257  0.00023536327    0.010031676  0.00021125634    0.011648819  0.00027108025
            600   0.0098526586  0.00022078109   0.0088775609  0.00019736267    0.010465255  0.00024646656
            610   0.0093769851  0.00021624696   0.0084790632  0.00019258352   0.0099042984  0.00024413318
            620   0.0084510279   0.0002052599   0.0076806116  0.00018599115   0.0088369904   0.0002397939
            630   0.0077965754  0.00019775167   0.0070273048  0.00017600088   0.0082737073  0.00022670447
            640   0.0075295325  0.00019267964   0.0067637395  0.00017135903   0.0080266462   0.0002163356
            650   0.0064179933  0.00017960271   0.0058150595  0.00016033982   0.0067390398  0.00020231911
            660   0.0057118969  0.00016995447   0.0051960072  0.00015368082   0.0059447969  0.00019638798
            670   0.0053624438  0.00016372065   0.0048541842  0.00014655661   0.0056369782  0.00018861105
            680   0.0053093285  0.00016301222   0.0048369628  0.00015240492   0.0055181329   0.0001814245
            690   0.0047290442  0.00015408173   0.0042835951   0.0001372933    0.004965547  0.00017347805
            700   0.0041290299  0.00014435888   0.0037621727  0.00013047178   0.0042932902  0.00016940528
            710   0.0040873068  0.00014306008   0.0036928257  0.00012834187   0.0043095311  0.00016707904
            720   0.0036257895  0.00013716396   0.0033159306  0.00012156726    0.003741396  0.00015063631
            730   0.0032449382  0.00012953861   0.0029496442  0.00011499113   0.0033862159  0.00015020664
            740   0.0031242998  0.00012563632    0.002825439  0.00011192427   0.0032914671  0.00015144963
            750   0.0028477957  0.00011970995   0.0025568946  0.00010587388    0.003024169  0.00013465253
            760   0.0024858895  0.00011368821   0.0022700949  0.00010155442   0.0025704965  0.00012914848
            770   0.0025096755  0.00011338671   0.0023012325  0.00010208565   0.0025813102  0.00012275851
            780   0.0022520937  0.00010765915   0.0020589529  9.7478588e-05    0.002327664  0.00012216747
            790   0.0021668643  0.00010443778    0.001994577  0.00010036574   0.0022144127  0.00011739354
            800   0.0021668643  0.00010443778    0.001994577  0.00010036574   0.0022144127  0.00011739354
