# massHiggs+top        central        num_err    min (scale)        num_err    max (scale)        num_err
# +tbar
              0              0              0              0              0              0              0
              5              0              0              0              0              0              0
             10              0              0              0              0              0              0
             15              0              0              0              0              0              0
             20              0              0              0              0              0              0
             25              0              0              0              0              0              0
             30              0              0              0              0              0              0
             35              0              0              0              0              0              0
             40              0              0              0              0              0              0
             45              0              0              0              0              0              0
             50              0              0              0              0              0              0
             55              0              0              0              0              0              0
             60              0              0              0              0              0              0
             65              0              0              0              0              0              0
             70              0              0              0              0              0              0
             75              0              0              0              0              0              0
             80              0              0              0              0              0              0
             85              0              0              0              0              0              0
             90              0              0              0              0              0              0
             95              0              0              0              0              0              0
            100              0              0              0              0              0              0
            105              0              0              0              0              0              0
            110              0              0              0              0              0              0
            115              0              0              0              0              0              0
            120              0              0              0              0              0              0
            125              0              0              0              0              0              0
            130              0              0              0              0              0              0
            135              0              0              0              0              0              0
            140              0              0              0              0              0              0
            145              0              0              0              0              0              0
            150              0              0              0              0              0              0
            155              0              0              0              0              0              0
            160              0              0              0              0              0              0
            165              0              0              0              0              0              0
            170              0              0              0              0              0              0
            175              0              0              0              0              0              0
            180              0              0              0              0              0              0
            185              0              0              0              0              0              0
            190              0              0              0              0              0              0
            195              0              0              0              0              0              0
            200              0              0              0              0              0              0
            205              0              0              0              0              0              0
            210              0              0              0              0              0              0
            215              0              0              0              0              0              0
            220              0              0              0              0              0              0
            225              0              0              0              0              0              0
            230              0              0              0              0              0              0
            235              0              0              0              0              0              0
            240              0              0              0              0              0              0
            245              0              0              0              0              0              0
            250              0              0              0              0              0              0
            255              0              0              0              0              0              0
            260              0              0              0              0              0              0
            265              0              0              0              0              0              0
            270              0              0              0              0              0              0
            275              0              0              0              0              0              0
            280              0              0              0              0              0              0
            285              0              0              0              0              0              0
            290              0              0              0              0              0              0
            295              0              0              0              0              0              0
            300              0              0              0              0              0              0
            305              0              0              0              0              0              0
            310              0              0              0              0              0              0
            315              0              0              0              0              0              0
            320              0              0              0              0              0              0
            325              0              0              0              0              0              0
            330              0              0              0              0              0              0
            335              0              0              0              0              0              0
            340              0              0              0              0              0              0
            345              0              0              0              0              0              0
            350              0              0              0              0              0              0
            355              0              0              0              0              0              0
            360              0              0              0              0              0              0
            365              0              0              0              0              0              0
            370              0              0              0              0              0              0
            375              0              0              0              0              0              0
            380              0              0              0              0              0              0
            385              0              0              0              0              0              0
            390              0              0              0              0              0              0
            395              0              0              0              0              0              0
            400              0              0              0              0              0              0
            405              0              0              0              0              0              0
            410              0              0              0              0              0              0
            415              0              0              0              0              0              0
            420              0              0              0              0              0              0
            425              0              0              0              0              0              0
            430              0              0              0              0              0              0
            435              0              0              0              0              0              0
            440              0              0              0              0              0              0
            445              0              0              0              0              0              0
            450              0              0              0              0              0              0
            455              0              0              0              0              0              0
            460              0              0              0              0              0              0
            465              0              0              0              0              0              0
            470   0.0057272317  0.00069987856   0.0045103252  0.00050023907   0.0075700084    0.001054942
            475    0.039352631   0.0013117022    0.034944148   0.0015699822    0.044361978   0.0031261693
            480    0.096157905   0.0015100602    0.085681701    0.001272343     0.11009676   0.0020378121
            485     0.16817721   0.0023534443     0.15241186   0.0018143423      0.1889175   0.0035356566
            490     0.24878772   0.0026206725     0.22561424   0.0019458615     0.27606707   0.0034431899
            495     0.33982471   0.0043317911     0.31297824   0.0033888251     0.37105348   0.0062427688
            500     0.42339863   0.0025658065     0.39242201    0.002211126     0.45794983   0.0036225269
            505     0.51188856   0.0030290683     0.47833224    0.003018773     0.55112092    0.004645534
            510     0.60862393   0.0041520292     0.56558454   0.0034508447     0.65716664   0.0056084015
            515     0.68001811   0.0037598356     0.63379003   0.0032210351     0.72944719   0.0058836133
            520     0.76906195   0.0061058051     0.71433521   0.0036855445     0.80714541    0.011185378
            525     0.83651904   0.0034749729      0.7825043   0.0030836995     0.89343624   0.0047963522
            530     0.90188443   0.0035909626     0.84594648   0.0034267999     0.96076928   0.0050162755
            535     0.96802627   0.0039026092     0.90417278   0.0061552402      1.0280397   0.0056824594
            540       1.018505   0.0038625816     0.95860022   0.0037482426      1.0805006   0.0055660649
            545      1.0620432   0.0038358668      0.9982745   0.0035162591      1.1250852   0.0053041877
            550      1.1130785   0.0039862376      1.0462659   0.0035333707      1.1781458   0.0059669705
            555      1.1573232   0.0041086825      1.0882221   0.0036175336      1.2274552   0.0059392787
            560      1.1899348   0.0046825751      1.1300824   0.0074493648      1.2544824   0.0067061428
            565        1.22446   0.0041569585       1.153247   0.0037233662      1.2961058   0.0058528396
            570      1.2314474   0.0056193591      1.1664282   0.0037475942      1.2997881   0.0056960586
            575      1.2652613   0.0046055668      1.1933615   0.0040828706      1.3355526   0.0067666982
            580      1.2774982      0.0040713      1.2052573   0.0036784409      1.3465163   0.0058652454
            585      1.2855883   0.0041212104      1.2146682   0.0036575193      1.3493275   0.0057989075
            590      1.2966956   0.0040838066      1.2255085   0.0037078566      1.3634571   0.0058293751
            595      1.2984995   0.0043822826       1.230122   0.0041640107      1.3580976   0.0062223596
            600      1.3047645   0.0041445454      1.2359712   0.0039850917      1.3647664   0.0058164489
            605      1.3102765   0.0041422921      1.2382063    0.003821339      1.3765462   0.0058792333
            610      1.3045522    0.004217463      1.2348511   0.0037333108      1.3669055    0.006180094
            615      1.3013686   0.0041088245      1.2342875   0.0037947385      1.3591611   0.0058187458
            620      1.2934429   0.0042923485       1.227881   0.0045111805      1.3467541   0.0060017207
            625      1.2803666   0.0040767566      1.2125418   0.0041541585      1.3403782   0.0071261177
            630       1.273536   0.0047852316      1.2055852   0.0038851598      1.3228898   0.0057916908
            635      1.2505066   0.0046035491      1.1927073   0.0040426055      1.3035301   0.0056749496
            640      1.2519602    0.005188038      1.1851409   0.0037715587      1.3072023   0.0077659319
            645      1.2342797   0.0040919792      1.1731846   0.0042024532      1.2831541   0.0057965891
            650       1.215404   0.0039524013       1.153759   0.0036097702      1.2654495    0.005567232
            655      1.2057603   0.0041904975      1.1479934     0.00463799      1.2533454   0.0057096002
            660      1.1941919    0.005986968      1.1299629   0.0036890322      1.2374519   0.0055584729
            665      1.1645028   0.0039266725      1.1082122   0.0038530975      1.2077244   0.0055071894
            670       1.155588   0.0040711925      1.1003401   0.0045448517      1.1980028   0.0056718391
            675      1.1310932   0.0038434115      1.0761078   0.0037724242      1.1730792    0.005724156
            680      1.1037808   0.0039902719      1.0513153   0.0037321782       1.142468   0.0053359098
            685      1.0915266   0.0037701665       1.037589   0.0036268562      1.1345685   0.0052880918
            690      1.0673261   0.0037120053      1.0151016     0.00345204      1.1059726    0.005246128
            695      1.0524545   0.0036868384      1.0011691   0.0034428761      1.0913432   0.0052112725
            700      1.0300616   0.0036634553     0.98240107   0.0035881514       1.060236   0.0051300131
            705      1.0158294   0.0037376812     0.95997417   0.0068283945      1.0517683   0.0052021697
            710     0.99093773   0.0036868199     0.94458193   0.0034760044      1.0236974   0.0052271876
            715     0.97706299   0.0035725801     0.93061739   0.0042514673      1.0085507   0.0049929865
            720     0.95715268   0.0035535514     0.91039104   0.0034925614     0.99086347   0.0049446444
            725     0.94061387   0.0036021293     0.89585173   0.0038842363      0.9726481   0.0051200438
            730     0.91810995   0.0035170055     0.87732845   0.0035995735     0.94520267   0.0049706592
            735     0.90016296   0.0040635355     0.85948762   0.0036635003     0.92457026   0.0048520666
            740     0.88249256   0.0033854616     0.83918916   0.0038402443     0.91246327   0.0049232557
            745     0.86464631   0.0033474396     0.82307405   0.0031385678     0.89300604   0.0047241063
            750     0.84400043   0.0033885741       0.804251   0.0030559806      0.8750207   0.0046283667
            755     0.82225921   0.0032976434     0.78475213   0.0031266878     0.84687193   0.0049999121
            760     0.81174543   0.0032703339     0.77569466   0.0031933556      0.8331528   0.0045632299
            765     0.79751197   0.0032106966      0.7569464   0.0033729479     0.82698325   0.0044633919
            770     0.77385579   0.0031531746      0.7373298    0.002907018     0.79940138   0.0044747317
            775     0.75438066   0.0031443608     0.72042747   0.0029853302     0.77290067   0.0044149239
            780     0.74348076    0.003157217     0.71058365   0.0031497329     0.76330373   0.0044056027
            785     0.72198798   0.0030916814     0.68708904     0.00297585     0.74391704   0.0043224475
            790     0.70920934   0.0030155862     0.68080812   0.0062191488     0.73189864   0.0042984071
            795     0.69106354   0.0030172201     0.64594112    0.013413597     0.71084547   0.0042021221
            800     0.67747454   0.0030279432      0.6473314   0.0031627362     0.69392437   0.0042020996
            805     0.66079318   0.0029839634     0.63084599   0.0027478031     0.68023077   0.0040725906
            810      0.6464947   0.0029118257     0.61796503   0.0028376311     0.66329015   0.0040547115
            815     0.63422347   0.0028962744     0.60503415   0.0027232704     0.65111873   0.0040694033
            820      0.6096966   0.0070575437     0.58217929     0.01339205     0.63053533   0.0040070643
            825     0.60476107     0.00287106     0.57781497    0.002864444      0.6198794   0.0039468592
            830     0.58917761   0.0029676208     0.56297767   0.0030993647     0.60058576   0.0036469948
            835     0.57902636   0.0029745512     0.55253698   0.0026540138     0.59140985   0.0038463637
            840     0.56444325   0.0027192214     0.53752663   0.0025298452     0.58287741   0.0037773114
            845     0.54777949   0.0026778456     0.52702275   0.0049696662     0.56184819   0.0037181076
            850     0.54350226   0.0026365235     0.51783197   0.0024051705     0.55880697   0.0036732587
            855     0.52549736   0.0026281052     0.50294758   0.0025225254     0.53688571   0.0036483697
            860     0.51895569   0.0025916732      0.4940851   0.0024164378     0.53521645   0.0036154889
            865     0.50637026   0.0025640747     0.48297773   0.0024154773      0.5208548   0.0035665047
            870     0.49335903   0.0025142997      0.4707289   0.0023022809     0.50654136   0.0035074875
            875     0.48264782   0.0025306591     0.45975638    0.002274153     0.49507012   0.0034457207
            880      0.4713939   0.0025304826     0.45012494   0.0025608153     0.48341334   0.0034620184
            885     0.46238358   0.0024675089     0.44171171   0.0024043239       0.474902   0.0034086532
            890     0.44932743   0.0025009753     0.42957164   0.0024850878     0.45954992   0.0034538183
            895      0.4392146   0.0023926228     0.41868345   0.0022586717     0.45039277    0.003380893
            900     0.43156263   0.0025141194     0.41327694   0.0030451617     0.44416893   0.0034278024
            905     0.42323156   0.0023569542     0.40358834   0.0022797287     0.43468323   0.0033109725
            910     0.40942045   0.0023164322     0.39047886   0.0022273743      0.4196931   0.0032136754
            915     0.40170743   0.0022821149     0.38247666   0.0020822438     0.41308657    0.003184551
            920     0.39047447   0.0022567856     0.37173908   0.0021249158     0.40096089   0.0031366302
            925     0.38487276    0.002253014      0.3664311   0.0022561146     0.39663449   0.0030941494
            930     0.37958885   0.0022532448     0.36313649   0.0021781929     0.38843603   0.0030742898
            935      0.3655929   0.0021866428      0.3484382   0.0020648398        0.37522    0.003035987
            940     0.35986491   0.0021596771     0.34270054   0.0020678347     0.36968723   0.0030194627
            945     0.35015854   0.0021440717     0.33377273   0.0020069509     0.35837996   0.0029446234
            950     0.34313615   0.0020944843      0.3269924   0.0019098654     0.35180745   0.0029138214
            955     0.33370022   0.0021398044     0.31769807   0.0020137852      0.3429961   0.0028718509
            960     0.32855742   0.0021373595     0.31200052   0.0021243572      0.3398976   0.0029074466
            965     0.32194905   0.0021526738      0.3061581    0.002256195     0.33012795   0.0028474017
            970       0.316493   0.0020391551     0.30013839    0.002049344     0.32688883   0.0028430925
            975     0.31095355   0.0020315365      0.2967367   0.0019815436      0.3181916   0.0027791922
            980     0.30119378   0.0019911978     0.28719456   0.0019159608     0.30838567    0.002763289
            985      0.2920698   0.0019756734     0.27644081   0.0025051575     0.30210799   0.0026803333
            990     0.28869995   0.0019331169     0.27468109     0.00187378     0.29569807   0.0024677088
            995     0.28254131   0.0018969348     0.26768807   0.0017534598     0.29314575   0.0026250737
           1000     0.28254131   0.0018969348     0.26768807   0.0017534598     0.29314575   0.0026250737
