#      ptt+tbar        central        num_err    min (scale)        num_err    max (scale)        num_err
              0      0.3011997   0.0013806172     0.28267933   0.0012274921      0.3219193   0.0017826571
             10     0.90706911   0.0024054792     0.85311348   0.0021641014     0.96911239     0.00307983
             20      1.4547778   0.0030597311      1.3725189   0.0027804204       1.545948   0.0039055394
             30       1.928934   0.0034983455      1.8179399   0.0031857265      2.0558284   0.0044683491
             40      2.3015988   0.0038356832      2.1674101    0.003514821       2.450742   0.0048640746
             50      2.5666639   0.0040355423      2.4156742   0.0036932903      2.7357372   0.0051206617
             60      2.7204509   0.0041600251      2.5589219   0.0038077222      2.8956462   0.0052460748
             70       2.799065   0.0041907554       2.630169   0.0038495515      2.9792158   0.0052806456
             80      2.7960048   0.0041806033      2.6208704   0.0038404848      2.9839942    0.005241281
             90      2.7124333   0.0041071477      2.5387161   0.0037761102      2.8967155   0.0051293856
            100      2.6029766   0.0040308851      2.4312407   0.0037054321      2.7852593   0.0050134727
            110      2.4528895   0.0038943608      2.2858992   0.0035673062      2.6290599   0.0048291704
            120      2.2882802   0.0037413351      2.1265043   0.0034289421      2.4577729   0.0046413419
            130      2.1135779   0.0035915458      1.9594016    0.003286373       2.274366   0.0044354794
            140      1.9305565   0.0034482362      1.7847876   0.0031580669      2.0830503   0.0042355763
            150       1.753915   0.0032717762      1.6141137   0.0029788962      1.9021698   0.0040248763
            160      1.5902984   0.0031044643       1.460791   0.0028263808       1.727677   0.0038146516
            170       1.431129   0.0029533373       1.310222   0.0026743387      1.5595311   0.0036178808
            180      1.2897751   0.0027880969      1.1784239   0.0025251789      1.4083378   0.0034273384
            190      1.1607478   0.0026530668      1.0575211   0.0023991881      1.2700865   0.0032467174
            200      1.0389732   0.0024985584     0.94258179   0.0022462503      1.1426065   0.0030636266
            210     0.92711318   0.0023539688     0.83917425   0.0021128942      1.0215191   0.0028895017
            220     0.82638126    0.002225361     0.74590189   0.0019940325     0.91265433   0.0027268044
            230     0.73904712   0.0021070468     0.66528434   0.0018824554      0.8179084   0.0025827506
            240     0.66056373   0.0019885506     0.59298555   0.0017710276     0.73336218   0.0024339385
            250     0.58860452   0.0018791921     0.52669907   0.0016664291     0.65576266   0.0023042464
            260     0.52914449    0.001779582     0.47258575   0.0015788773     0.59001545   0.0021804731
            270     0.47255919   0.0016883573     0.42098478   0.0014924707     0.52874179   0.0020762903
            280     0.42121927   0.0015873513     0.37460772   0.0013995478     0.47130546   0.0019486991
            290     0.37845581   0.0015011807     0.33484951   0.0013163881     0.42620365   0.0018446789
            300     0.33828793   0.0014191831     0.29939822   0.0012442377      0.3805314   0.0017501333
            310     0.30001187   0.0013372071     0.26456824   0.0011667618     0.33807399   0.0016500763
            320     0.26938446   0.0012644098     0.23696589   0.0011031052     0.30485255   0.0015576582
            330     0.24183127   0.0011948206     0.21218727   0.0010373693     0.27445174   0.0014770624
            340     0.21561078   0.0011249683     0.18872681  0.00097557396     0.24488038   0.0013896065
            350     0.19448636   0.0010709574      0.1695281  0.00092650177     0.22179048   0.0013188956
            360     0.17204111   0.0010061883     0.15016172  0.00086762388     0.19600507     0.00124653
            370     0.15405206  0.00095160559     0.13397302  0.00081743702     0.17608774     0.00117772
            380      0.1394798  0.00090489473     0.12141155  0.00077713762     0.15898504    0.001118576
            390     0.12263959  0.00084800855     0.10618008  0.00072512112     0.14089603   0.0010529213
            400     0.11111659  0.00080080586    0.096030122  0.00068367172     0.12765592  0.00099385996
            410     0.10037388  0.00076357094    0.086672772  0.00064983669      0.1153489  0.00094816001
            420    0.088142331  0.00071660425     0.07594642  0.00060769995     0.10158088  0.00089399799
            430     0.08050682  0.00068083703    0.069264722  0.00057857601    0.092317624  0.00084243377
            440    0.071623402   0.0006384671    0.061534721  0.00054151195    0.082761557  0.00079442963
            450    0.064412262  0.00060344787      0.0552721  0.00051040708    0.074254817  0.00074852177
            460    0.056591037  0.00056663692    0.047951909  0.00047624881    0.065781223  0.00070486631
            470    0.050430003  0.00053231951     0.04288569  0.00044661239    0.058567465  0.00066394931
            480    0.043470424  0.00049337527    0.036658977  0.00041213484    0.050504143  0.00061421724
            490    0.038436572   0.0004640761    0.032492677  0.00038708858    0.044056685  0.00057247856
            500    0.034981411   0.0004416371    0.029217718  0.00036554005    0.040654877  0.00055053965
            510     0.02980192  0.00040570653    0.010248295   0.0002171453     0.03566801  0.00050971309
            520    0.026635697  0.00038367934  2.4675477e-06  1.7718653e-06    0.032509708  0.00048816303
            530    0.023428731  0.00035812982    0.019016133  0.00029178565    0.027591552  0.00044809486
            540    0.021171783  0.00034199667    0.016916452  0.00027600567    0.025660649  0.00043258476
            550    0.019116875  0.00032328789    0.012010066  0.00022977694     0.02209428  0.00038282271
            560   0.0088986381  0.00022209448  0.00093327425  8.2145825e-05    0.019833178  0.00037623819
            570    0.013342966  0.00027138941  0.00031369495  3.5465103e-05    0.013342966  0.00027138941
            580    0.013239901  0.00027255356   0.0035201222  0.00015673654    0.014614606  0.00031337209
            590    0.011487952  0.00025569108   0.0041933511  0.00014432247    0.014026284  0.00030824703
            600    0.011093908  0.00025122478     0.00132351  7.9278007e-05     0.01431396  0.00032353603
            610   0.0014545269  9.1476137e-05  9.7708463e-05  1.9035947e-05    0.012710186  0.00030421602
            620   0.0094199935   0.0002358725  4.7440992e-06  7.9562227e-06    0.012071419  0.00029806922
            630   0.0046458242  0.00016641957  6.7998776e-05  1.7759055e-05   0.0074192082  0.00022734153
            640   0.0022244011  0.00011551472   0.0003174166  3.9014306e-05   0.0089392556  0.00025375247
            650  0.00068533827  6.7370797e-05  2.5737287e-06  1.9453906e-06    0.010257858  0.00028245885
            660   0.0048250488  0.00017698529 -1.7677216e-06   2.434956e-06    0.008926653  0.00026049376
            670   0.0053386214  0.00019167389  0.00032086575  3.9248841e-05   0.0053386214  0.00019167389
            680  0.00034923879  4.6377391e-05  0.00034923879  4.6377391e-05   0.0061954054  0.00022633517
            690  0.00044188629  5.7494826e-05  0.00044188629  5.7494826e-05   0.0049700757  0.00020549393
            700   0.0046638013  0.00018802606  0.00050177868  5.6142453e-05    0.007677407   0.0002658006
            710  1.3130004e-05  1.2754567e-05  1.3130004e-05  1.2754567e-05   0.0057045581  0.00023065097
            720  2.2857889e-05   1.864388e-05  2.2857889e-05   1.864388e-05   0.0066296745  0.00025210207
            730  0.00087293363  8.8787537e-05  0.00045442998   6.495394e-05   0.0054541444  0.00022127752
            740   0.0038874624  0.00018941362   4.466815e-05  1.4717024e-05   0.0063596449  0.00025705598
            750  3.0007126e-05  2.2364068e-05  3.0007126e-05  2.2364068e-05   0.0034438375  0.00019119663
            760   0.0035067295  0.00018568907  0.00011531783  4.3137049e-05   0.0060898685  0.00025515556
            770   0.0046510539  0.00022732271  5.5887103e-05  2.1252997e-05   0.0061917567  0.00028656775
            780  0.00033153198  5.9192422e-05 -3.2752659e-06  1.0068675e-05   0.0030389031  0.00020481988
            790    0.004541198  0.00022749505   0.0001734199  5.5206223e-05    0.004541198  0.00022749505
            800    0.004541198  0.00022749505   0.0001734199  5.5206223e-05    0.004541198  0.00022749505
