#        pttbar        central        num_err    min (scale)        num_err    max (scale)        num_err
              0     0.19589571   0.0015837263     0.19589571   0.0015837263     0.19589571   0.0015837263
             10     0.56653723   0.0030366124     0.56653723   0.0030366124     0.56653723   0.0030366124
             20     0.91107351   0.0034742963     0.91107351   0.0034742963     0.91107351   0.0034742963
             30       1.216099   0.0040231439       1.216099   0.0040231439       1.216099   0.0040231439
             40      1.4924324   0.0047019355      1.4924324   0.0047019355      1.4924324   0.0047019355
             50      1.7126535   0.0049522215      1.7126535   0.0049522215      1.7126535   0.0049522215
             60      1.9035024   0.0049823523      1.9035024   0.0049823523      1.9035024   0.0049823523
             70      2.0309155    0.005315706      2.0309155    0.005315706      2.0309155    0.005315706
             80      2.1245169    0.005416295      2.1245169    0.005416295      2.1245169    0.005416295
             90      2.1752872     0.00538302      2.1752872     0.00538302      2.1752872     0.00538302
            100      2.1747849    0.005529168      2.1747849    0.005529168      2.1747849    0.005529168
            110      2.1429951   0.0052962504      2.1429951   0.0052962504      2.1429951   0.0052962504
            120      2.0900407   0.0051983819      2.0900407   0.0051983819      2.0900407   0.0051983819
            130      2.0158338   0.0055251804      2.0158338   0.0055251804      2.0158338   0.0055251804
            140      1.9239982   0.0053037166      1.9239982   0.0053037166      1.9239982   0.0053037166
            150      1.8166138   0.0049206313      1.8166138   0.0049206313      1.8166138   0.0049206313
            160      1.6934046   0.0047717018      1.6934046   0.0047717018      1.6934046   0.0047717018
            170      1.5737496   0.0044929216      1.5737496   0.0044929216      1.5737496   0.0044929216
            180      1.4543931   0.0043084637      1.4543931   0.0043084637      1.4543931   0.0043084637
            190      1.3433363   0.0043114877      1.3433363   0.0043114877      1.3433363   0.0043114877
            200       1.218704   0.0039884056       1.218704   0.0039884056       1.218704   0.0039884056
            210       1.120251     0.00424044       1.120251     0.00424044       1.120251     0.00424044
            220      1.0185991   0.0038938842      1.0185991   0.0038938842      1.0185991   0.0038938842
            230     0.92886422   0.0042779202     0.92886422   0.0042779202     0.92886422   0.0042779202
            240     0.84557853   0.0046784827     0.84557853   0.0046784827     0.84557853   0.0046784827
            250     0.75844031   0.0031127283     0.75844031   0.0031127283     0.75844031   0.0031127283
            260      0.6748565    0.003640698      0.6748565    0.003640698      0.6748565    0.003640698
            270     0.61301245   0.0032118549     0.61301245   0.0032118549     0.61301245   0.0032118549
            280     0.55466082   0.0026621354     0.55466082   0.0026621354     0.55466082   0.0026621354
            290     0.49602388   0.0027276956     0.49602388   0.0027276956     0.49602388   0.0027276956
            300     0.44312581   0.0024022971     0.44312581   0.0024022971     0.44312581   0.0024022971
            310     0.40325581   0.0022821243     0.40325581   0.0022821243     0.40325581   0.0022821243
            320     0.36112134   0.0024080621     0.36112134   0.0024080621     0.36112134   0.0024080621
            330     0.32120389    0.002074325     0.32120389    0.002074325     0.32120389    0.002074325
            340     0.29014618   0.0019410693     0.29014618   0.0019410693     0.29014618   0.0019410693
            350     0.25499225   0.0025199382     0.25499225   0.0025199382     0.25499225   0.0025199382
            360     0.23499234   0.0023766082     0.23499234   0.0023766082     0.23499234   0.0023766082
            370     0.21276996    0.001723724     0.21276996    0.001723724     0.21276996    0.001723724
            380     0.18902363   0.0017532034     0.18902363   0.0017532034     0.18902363   0.0017532034
            390     0.17326568   0.0015053998     0.17326568   0.0015053998     0.17326568   0.0015053998
            400     0.15531854   0.0014899725     0.15531854   0.0014899725     0.15531854   0.0014899725
            410     0.13878832   0.0015193829     0.13878832   0.0015193829     0.13878832   0.0015193829
            420     0.12320395   0.0014202879     0.12320395   0.0014202879     0.12320395   0.0014202879
            430     0.11197386   0.0014576699     0.11197386   0.0014576699     0.11197386   0.0014576699
            440     0.10352662   0.0012946173     0.10352662   0.0012946173     0.10352662   0.0012946173
            450     0.09168951   0.0012288589     0.09168951   0.0012288589     0.09168951   0.0012288589
            460     0.08323394   0.0010850783     0.08323394   0.0010850783     0.08323394   0.0010850783
            470    0.075655793    0.001032287    0.075655793    0.001032287    0.075655793    0.001032287
            480    0.067867874  0.00097469791    0.067867874  0.00097469791    0.067867874  0.00097469791
            490    0.064782436   0.0014195491    0.064782436   0.0014195491    0.064782436   0.0014195491
            500    0.057164549  0.00090504345    0.057164549  0.00090504345    0.057164549  0.00090504345
            510    0.052261233  0.00090295183    0.052261233  0.00090295183    0.052261233  0.00090295183
            520    0.045529765   0.0012152739    0.045529765   0.0012152739    0.045529765   0.0012152739
            530    0.041677124  0.00092836372    0.041677124  0.00092836372    0.041677124  0.00092836372
            540    0.034886939   0.0031651428    0.034886939   0.0031651428    0.034886939   0.0031651428
            550    0.034023376  0.00080215939    0.034023376  0.00080215939    0.034023376  0.00080215939
            560    0.032540131  0.00069410745    0.032540131  0.00069410745    0.032540131  0.00069410745
            570    0.031057057  0.00077743743    0.031057057  0.00077743743    0.031057057  0.00077743743
            580    0.026586414  0.00093852557    0.026586414  0.00093852557    0.026586414  0.00093852557
            590    0.025562857  0.00061150618    0.025562857  0.00061150618    0.025562857  0.00061150618
            600    0.022497241  0.00079525409    0.022497241  0.00079525409    0.022497241  0.00079525409
            610    0.021072763   0.0007846471    0.021072763   0.0007846471    0.021072763   0.0007846471
            620    0.018279503  0.00055391165    0.018279503  0.00055391165    0.018279503  0.00055391165
            630    0.017915613  0.00055590134    0.017915613  0.00055590134    0.017915613  0.00055590134
            640    0.015823797  0.00058932342    0.015823797  0.00058932342    0.015823797  0.00058932342
            650    0.015831185  0.00073144203    0.015831185  0.00073144203    0.015831185  0.00073144203
            660    0.013532443  0.00055809912    0.013532443  0.00055809912    0.013532443  0.00055809912
            670    0.010926393  0.00059918934    0.010926393  0.00059918934    0.010926393  0.00059918934
            680    0.011555269  0.00051194331    0.011555269  0.00051194331    0.011555269  0.00051194331
            690    0.010026644  0.00045332975    0.010026644  0.00045332975    0.010026644  0.00045332975
            700    0.010195619  0.00041508506    0.010195619  0.00041508506    0.010195619  0.00041508506
            710    0.008995267  0.00040716987    0.008995267  0.00040716987    0.008995267  0.00040716987
            720   0.0086871319  0.00043666697   0.0086871319  0.00043666697   0.0086871319  0.00043666697
            730   0.0081757896  0.00039427553   0.0081757896  0.00039427553   0.0081757896  0.00039427553
            740   0.0086654797   0.0013477035   0.0086654797   0.0013477035   0.0086654797   0.0013477035
            750   0.0063641648  0.00035876665   0.0063641648  0.00035876665   0.0063641648  0.00035876665
            760   0.0061000843  0.00037361217   0.0061000843  0.00037361217   0.0061000843  0.00037361217
            770   0.0058833023  0.00032794853   0.0058833023  0.00032794853   0.0058833023  0.00032794853
            780   0.0053036499   0.0005241407   0.0053036499   0.0005241407   0.0053036499   0.0005241407
            790     0.00473997  0.00031031667     0.00473997  0.00031031667     0.00473997  0.00031031667
            800     0.00473997  0.00031031667     0.00473997  0.00031031667     0.00473997  0.00031031667
