#         pttop        central        num_err    min (scale)        num_err    max (scale)        num_err
              0     0.19692651   0.0010561375     0.16959574  0.00089643042     0.25753001   0.0013925844
             10     0.57762711   0.0018040157     0.49780533   0.0015333083     0.75481082   0.0023781331
             20     0.94028907   0.0022962113     0.80999145   0.0019494317      1.2294412   0.0030269811
             30      1.2809342   0.0026715294       1.103443   0.0022684891      1.6754877   0.0035237637
             40      1.5743195    0.002959597      1.3563112   0.0025114638      2.0604472    0.003905868
             50      1.8269113   0.0031809421      1.5738514   0.0026998917      2.3919009    0.004198959
             60      2.0297463    0.003350641      1.7488897   0.0028443979       2.659608   0.0044267032
             70      2.1686276   0.0034643374      1.8685529   0.0029389084       2.844375    0.004581635
             80      2.2734853   0.0035541504      1.9590778   0.0030281808      2.9842063   0.0047147212
             90      2.3313495   0.0035937022      2.0087829   0.0030580644      3.0627479   0.0047631759
            100      2.3438915   0.0036061439      2.0194356    0.003056981      3.0821288    0.004781407
            110      2.3095933   0.0035865887       1.989753    0.003039782      3.0404779   0.0047600337
            120      2.2536632   0.0035467276      1.9414055   0.0030043664      2.9692895   0.0047099388
            130      2.1749001   0.0034887592      1.8735014   0.0029618694      2.8686072   0.0046444642
            140      2.0752186   0.0034164026      1.7874904   0.0028924606      2.7393976   0.0045464983
            150      1.9584783   0.0033268199      1.6880253     0.00306395      2.5873092   0.0045813601
            160      1.8358688   0.0032271511      1.5811806    0.002733515      2.4283979   0.0043054452
            170      1.7100461   0.0031426349       1.472191   0.0026575899      2.2639466    0.004195789
            180      1.5826144   0.0030098016      1.3626452   0.0025440606      2.0970292   0.0040195532
            190      1.4632105   0.0028993786      1.2595031   0.0024521939      1.9401587   0.0038775123
            200      1.3334602   0.0027791399      1.1479912   0.0023516033      1.7700218   0.0037211127
            210      1.2247298   0.0026643674      1.0543952   0.0022620978      1.6269949   0.0035781176
            220      1.1130735   0.0025496423     0.95781631   0.0021499587      1.4801821   0.0034183302
            230      1.0082017   0.0024298365     0.86737458   0.0020509594      1.3414767   0.0032618336
            240     0.91504672   0.0023332749     0.78712511    0.001969499      1.2187354   0.0031366024
            250     0.82981264      0.0022152     0.71326552   0.0018631006      1.1061875   0.0029775313
            260     0.74673372   0.0021061763     0.64196968   0.0017723376     0.99606399   0.0028349824
            270     0.67429062   0.0020054598     0.57957368   0.0016858143      0.9001225   0.0027013675
            280     0.60548268   0.0019085404     0.52042109   0.0016026137     0.80850883   0.0025715586
            290     0.54711307   0.0018145858     0.46995631   0.0015278128      0.7313749   0.0024495937
            300     0.49297628   0.0017298053     0.42352091   0.0014521423     0.65932875     0.00233717
            310     0.44356039   0.0016422818     0.38100603   0.0013860773     0.59370706   0.0022218694
            320     0.39472555   0.0015587521     0.33899344   0.0013041918      0.5286666   0.0021076488
            330     0.35750026   0.0014841286     0.30679769   0.0012418614      0.4793217   0.0020099033
            340     0.32074002    0.001408479     0.27568207   0.0012094844     0.42969168   0.0019240972
            350     0.28713886   0.0013380176     0.24636644   0.0011186483     0.38525636   0.0018155882
            360     0.25862677   0.0012705446     0.22165564   0.0010589789     0.34741396   0.0017241383
            370     0.23206968   0.0012072513     0.19915725   0.0010080159     0.31175162   0.0016403103
            380     0.20771512   0.0011478535     0.17853762  0.00096286874      0.2789228   0.0015622443
            390      0.1864372   0.0010899828     0.15990959  0.00091298192     0.25081958   0.0014827814
            400      0.1680462   0.0010391569     0.14419205  0.00086792362     0.22609566   0.0014155798
            410     0.15273969  0.00098952516     0.13097583  0.00082079246     0.20562699   0.0013476786
            420     0.13638437  0.00094029067     0.11684451  0.00077793822     0.18359249   0.0012808885
            430      0.1222612  0.00089235668     0.10470911  0.00073767947     0.16466973   0.0012168752
            440     0.11074148  0.00085249788    0.095005713  0.00071011781     0.14915742   0.0011635195
            450    0.098607064  0.00081402196    0.084703772  0.00067164643     0.13287904   0.0011120202
            460    0.088951006  0.00077059655    0.076222083  0.00063666482     0.11989145   0.0010533585
            470    0.081501544  0.00073581124    0.069899865   0.0006157591     0.10991473   0.0010078456
            480    0.072548734  0.00070260735    0.062234939  0.00057702928    0.097896348  0.00096122343
            490     0.06606088  0.00066568614    0.056548122  0.00054599932    0.089309243  0.00091263929
            500     0.05872662  0.00063604997    0.050431708  0.00052189316    0.079337267  0.00087121832
            510    0.052856037  0.00060538077    0.045333411  0.00049647564    0.071341521  0.00082993318
            520    0.048872453  0.00058334439    0.041962466  0.00047792342    0.066013524  0.00080160955
            530    0.043625856  0.00055517226    0.037417376  0.00045493053    0.058891033  0.00076081152
            540    0.040217368  0.00052634263    0.034400985  0.00043131701    0.054484653  0.00072220746
            550    0.036131712   0.0005119758    0.031039713  0.00042270592    0.048851025  0.00070508642
            560    0.033676559  0.00048394145    0.028764246  0.00039467199    0.045652031  0.00066505148
            570    0.030436288  0.00046739163    0.026111598  0.00038119865     0.04120371  0.00064244484
            580    0.027316393  0.00044537842    0.023448015  0.00036163574    0.036919733  0.00061337499
            590    0.024907378  0.00042287355    0.021258584    0.000342762    0.033745489  0.00058135566
            600    0.022834902  0.00040681698    0.019485511  0.00032961898    0.030969003  0.00056062766
            610    0.020565257  0.00038935997    0.017596026  0.00031571445    0.027851759  0.00053592595
            620    0.019308716  0.00037446099    0.016453455   0.0003027152    0.026175625  0.00051557721
            630     0.01750382  0.00035713375    0.014930392  0.00028876433    0.023781669  0.00049324509
            640    0.016195178  0.00034481551    0.013839266  0.00027893804    0.021963308  0.00047574384
            650    0.014338048  0.00032909247    0.012285575    0.000265847    0.019399257  0.00043507703
            660    0.013371913  0.00031326148    0.011403022  0.00025342526    0.018182955  0.00043217612
            670    0.012390937     0.00030327    0.010620282  0.00024512101     0.01684285  0.00040177195
            680    0.010308841  0.00028344562   0.0089130978  0.00023644401    0.014097263   0.0003763037
            690   0.0099930972  0.00027892442   0.0085883208  0.00023248814    0.013587514   0.0003688211
            700   0.0095705554  0.00026862884   0.0081572769   0.0002154302    0.012995931  0.00037167251
            710     0.00818894  0.00025469115   0.0070142149  0.00020450342    0.011145021  0.00033787777
            720   0.0075987143  0.00024302887   0.0064699983  0.00019439414    0.010354793  0.00033598845
            730   0.0070516939  0.00023728316   0.0059938061  0.00018935972   0.0096114767  0.00032828827
            740   0.0063894649  0.00022848012   0.0055261871   0.0001924143   0.0087789962  0.00030506792
            750   0.0055709696  0.00021769107   0.0047733227  0.00018031703   0.0076325449   0.0002886487
            760   0.0048631871  0.00020512554   0.0041789477   0.0001700153   0.0066444747   0.0002703788
            770   0.0053360506  0.00020701478   0.0045628701  0.00017198367   0.0073078146  0.00027380722
            780   0.0046854417  0.00019628863   0.0040146819  0.00016301992   0.0064699961  0.00026115407
            790   0.0042781716  0.00018446206   0.0036530936  0.00015309194   0.0058531055  0.00024437132
            800   0.0042781716  0.00018446206   0.0036530936  0.00015309194   0.0058531055  0.00024437132
