# ptHiggs+top+t        central        num_err    min (scale)        num_err    max (scale)        num_err
# bar
              0      4.2062255   0.0055869824      3.7585234    0.004732032      4.6771352   0.0068132933
             10       6.281774   0.0061798545      5.4341474   0.0052117039      7.2709484   0.0075883117
             20       5.586451   0.0056759005      4.7746289   0.0047588618      6.5580209   0.0069434752
             30      4.6486654    0.005144923      3.9529087   0.0043375376      5.4887949   0.0063548819
             40      3.8408399   0.0046610931      3.2560556   0.0039032871      4.5504006   0.0057127567
             50      3.2109211    0.004257369      2.7160707   0.0035601893      3.8138519   0.0052086415
             60      2.6991004   0.0039051393      2.2796393   0.0032623825      3.2113953   0.0047801464
             70      2.2877607   0.0035935131      1.9290085   0.0030021484      2.7273382   0.0044032937
             80        1.96841   0.0033313412      1.6574015   0.0027799233       2.350781    0.004081326
             90      1.7041315   0.0031013648      1.4336379   0.0025887221      2.0369784   0.0038066759
            100      1.4853596   0.0028956819      1.2482058   0.0024126016          1.778   0.0035496175
            110      1.3032296   0.0027156264      1.0944008   0.0022636248       1.561182   0.0033356869
            120        1.15378   0.0025519121     0.96796693   0.0021272265      1.3838272   0.0031380898
            130      1.0240168   0.0024070769     0.85929111   0.0020199867      1.2276583   0.0030007128
            140     0.91011414   0.0022688727     0.76260516   0.0018874735      1.0932205   0.0027883364
            150     0.81844067   0.0021502863     0.68554262   0.0017908505     0.98358657   0.0026465373
            160     0.73492648   0.0020404211     0.61544785   0.0016965897     0.88339519   0.0025080952
            170     0.66807753   0.0019446148     0.55882572   0.0016161573     0.80429932   0.0023919711
            180     0.60375157   0.0018485719     0.50523779   0.0015375505     0.72638146     0.00227926
            190     0.54724295   0.0017626893     0.45760959   0.0014638333     0.65904174   0.0021722125
            200     0.49959914    0.001682287     0.41751243   0.0014004432     0.60217834   0.0020818591
            210     0.45393195   0.0016080081     0.37914611   0.0013335122     0.54754478   0.0019807109
            220     0.41494386   0.0015332223      0.3463529    0.001271575     0.50094764   0.0018882569
            230     0.38009127   0.0014697918     0.31732806   0.0012204227     0.45875974   0.0018153782
            240     0.34708783   0.0014067675     0.28968616   0.0011658112     0.41908322   0.0017329596
            250     0.32017066    0.001350054     0.26702972   0.0011182537     0.38695016   0.0016656091
            260      0.2952083   0.0012967235     0.24649551   0.0010816305       0.356257   0.0016122777
            270     0.27155462   0.0012438457     0.22631141   0.0010295144     0.32857637   0.0015348155
            280      0.2495541   0.0011956163     0.20800914  0.00099162668     0.30186998   0.0014809001
            290     0.23092272     0.00114641     0.19258027  0.00095006103     0.27913427   0.0014145972
            300     0.21206536   0.0011024927     0.17709302  0.00096758845     0.25592662   0.0014704211
            310     0.19683641   0.0010615533     0.16406644  0.00087868693     0.23812534   0.0013122657
            320     0.18198002   0.0010218812     0.15154172  0.00084464019     0.22044723   0.0012637764
            330     0.16800754  0.00098092087     0.13994771  0.00081193926     0.20342451   0.0012157524
            340     0.15391727  0.00094051668     0.12823471  0.00077926326     0.18627694   0.0011643527
            350     0.14567083   0.0009144587     0.12130677  0.00075566984     0.17645109     0.00113243
            360     0.13335686  0.00087550303     0.11099218  0.00072298081     0.16162694   0.0010830619
            370     0.12573292  0.00084836356     0.10455697  0.00070062557     0.15258995   0.0010510116
            380     0.11762541  0.00082146683    0.097869702  0.00067861078     0.14262457    0.001018236
            390     0.10792502  0.00078860507    0.089919086  0.00065197455     0.13063382  0.00097604611
            400     0.10057339  0.00075897294    0.083581925  0.00062665375     0.12214889  0.00093972242
            410     0.09269008  0.00073126088    0.077150395   0.0006040815     0.11235529   0.0009069404
            420    0.087215453  0.00070815996    0.072501784  0.00058579379     0.10586662  0.00088050822
            430    0.080193678  0.00068092425    0.066628806  0.00056152744    0.097437648  0.00084339889
            440    0.075626513  0.00066006177    0.062941774  0.00054521064    0.091684029  0.00081826312
            450     0.06987043  0.00063354373    0.058074088  0.00052282404    0.084828646  0.00078452465
            460    0.064731851  0.00061251232    0.053793905  0.00050511874    0.078627964  0.00075970177
            470    0.060781227  0.00059378877     0.05055407  0.00048990878    0.073761108    0.000736849
            480    0.056620137  0.00057221637    0.047075227  0.00047288342    0.068745821  0.00071239528
            490    0.052806775   0.0005521096     0.04389627  0.00045524322    0.064129849  0.00068599433
            500    0.049668609  0.00053488874    0.041278348  0.00044169015    0.060319543   0.0006656043
            510    0.046385462  0.00051702928    0.038554148  0.00042631195    0.056317173  0.00064295447
            520     0.04375702  0.00050299583    0.036357754  0.00041519334    0.053155581  0.00062768218
            530    0.041174547  0.00048681453    0.034136661  0.00040086788    0.050169429  0.00060579379
            540    0.037952021  0.00046990677    0.031583024  0.00038809141    0.046003818  0.00058354453
            550    0.034882159  0.00045170541    0.029062751  0.00037275275     0.04223168  0.00056037342
            560    0.032482855  0.00043389902    0.027035136   0.0003617959    0.039385667  0.00055335591
            570    0.030238107  0.00042079382    0.025145022  0.00034698443    0.036693459  0.00052267571
            580    0.027810256  0.00040340868    0.023070526  0.00033168324    0.033869559  0.00050322298
            590     0.02751904  0.00039975493    0.022887348  0.00033034877    0.033378938  0.00049862885
            600    0.026171781  0.00039071183    0.021742954  0.00032171296    0.031794628  0.00048566602
            610    0.023513323  0.00037130013    0.019536096  0.00030604103    0.028572475  0.00046124635
            620    0.022440332  0.00036104679    0.018672695  0.00029789918    0.027203047  0.00044963963
            630    0.021450734  0.00035280193    0.017841486  0.00029104154    0.026017949  0.00043924829
            640    0.019235711  0.00033584083    0.015993597  0.00027709584    0.023348722  0.00041652159
            650    0.018500815  0.00032874704    0.015450568  0.00027995402    0.022313361  0.00044159172
            660    0.016801454  0.00031475429    0.013972664  0.00025927636    0.020393481  0.00039123357
            670    0.015996487  0.00030665555      0.0132717  0.00025211872    0.019470933  0.00038140498
            680    0.015386592  0.00029918909    0.012820695   0.0002470453    0.018637836   0.0003741656
            690    0.013914016  0.00028738339    0.011627361   0.0002374362    0.016767213  0.00035783466
            700    0.013538059  0.00028103738    0.011232781  0.00023118189    0.016479667  0.00034992554
            710    0.012509905  0.00027302288    0.010423541  0.00022521618    0.015147203  0.00033881102
            720    0.012148446  0.00026664052    0.010093862  0.00021953437    0.014760778  0.00033142899
            730    0.011188935  0.00025675779   0.0092473203  0.00021004171    0.013686258  0.00032142726
            740    0.010383008  0.00024814953   0.0086651786  0.00020497933    0.012547592  0.00030778417
            750   0.0095729748  0.00023879808   0.0079719634  0.00019678223    0.011598372  0.00029977944
            760   0.0096042665  0.00023613961   0.0079810615  0.00019483509    0.011663097  0.00029240694
            770   0.0088173575  0.00022863973   0.0073294658  0.00018806578    0.010706145  0.00028477312
            780   0.0081107655  0.00021892365   0.0067352568  0.00018066506   0.0098657676  0.00027374954
            790   0.0076052737  0.00021157088   0.0063240842  0.00017455249   0.0092337899  0.00026187606
            800   0.0070076837  0.00020578915   0.0058476723  0.00016985834   0.0084642857  0.00025671033
            810   0.0068165819   0.0002029028   0.0056666766   0.0001666776   0.0082735809  0.00025257447
            820   0.0062899262  0.00019332962   0.0052817164  0.00016152776   0.0075354633   0.0002447619
            830   0.0059971298  0.00018834819   0.0049674124  0.00015445602   0.0073146133  0.00023508043
            840   0.0056245319  0.00018295628   0.0046720323   0.0001502153   0.0068349442   0.0002291299
            850   0.0055223256  0.00018165529   0.0045837791  0.00014913345   0.0067189393  0.00022621485
            860   0.0049225699  0.00017216033    0.004082556  0.00014114807   0.0059905084  0.00021503482
            870   0.0047412082  0.00016780082   0.0039427659  0.00013805012   0.0057532413  0.00020913157
            880    0.004499598  0.00016165304   0.0037335586   0.0001327857    0.005474839  0.00020200296
            890   0.0040608961  0.00015797584    0.003374348  0.00012963668   0.0049353346  0.00019736175
            900   0.0036078512  0.00014779294   0.0030088407  0.00012175495   0.0043576927  0.00018465109
            910   0.0034549881  0.00014563076   0.0029132573  0.00012081398   0.0041132321  0.00018048462
            920   0.0035380281  0.00014508099   0.0029395769  0.00011929429   0.0042993975  0.00018069537
            930   0.0036241001   0.0001513138   0.0030228582  0.00012390906   0.0043795464  0.00018997149
            940   0.0031337645   0.0001372403   0.0026023659    0.000112687   0.0038115918  0.00017080225
            950   0.0027832742  0.00013102369   0.0023282786  0.00010788658   0.0033502919  0.00016279297
            960   0.0030038119  0.00013410679   0.0024937804  0.00010975148   0.0036517365  0.00016858483
            970   0.0028276676  0.00012900105   0.0023493288  0.00010611047   0.0034380997  0.00016071628
            980   0.0024281048  0.00011932964   0.0020387479  0.00010157797   0.0029010587   0.0001647603
            990   0.0022530722  0.00011525297    0.001858613  9.4173207e-05   0.0027590439  0.00014474042
           1000   0.0022530722  0.00011525297    0.001858613  9.4173207e-05   0.0027590439  0.00014474042
