#        pttbar        central        num_err    min (scale)        num_err    max (scale)        num_err
              0     0.20278989   0.0010965602     0.17026744  0.00091196036     0.24487097    0.001352159
             10     0.59340185   0.0018771785     0.49893832   0.0015618867     0.71527407   0.0023155444
             20     0.96922838   0.0023920792     0.81453951   0.0019896617      1.1688565   0.0029504657
             30      1.3160812   0.0027844437      1.1069532   0.0023174813      1.5851645   0.0034356584
             40      1.6182161   0.0030763973      1.3608957   0.0025596493      1.9490201   0.0037916698
             50       1.885218   0.0033201166      1.5864538   0.0027630767      2.2679921   0.0040909887
             60      2.0962236   0.0034979552       1.765199    0.002911876      2.5188763   0.0043061335
             70      2.2595016    0.003630523      1.9049382   0.0030280046      2.7099141   0.0044751633
             80      2.3637171   0.0037106777      1.9950245   0.0031367445      2.8299003   0.0046467652
             90      2.4323816   0.0037646247      2.0531315   0.0031386766      2.9103256   0.0046210939
            100       2.444147   0.0037989088      2.0657943   0.0031663247      2.9181121   0.0046633798
            110      2.4273624   0.0037672024      2.0526122   0.0031444392      2.8947974   0.0046169472
            120      2.3745576   0.0037330251      2.0107878   0.0031199244      2.8253957   0.0045735238
            130      2.2909107   0.0036727104      1.9418993   0.0030694319      2.7210171   0.0044899141
            140      2.1926039   0.0036030458      1.8605804   0.0030131917      2.5991596   0.0044030714
            150      2.0871685    0.003510974      1.7727004    0.002940189      2.4700936   0.0042846008
            160      1.9562421   0.0034084402      1.6635379   0.0028755675       2.310198   0.0042159914
            170      1.8345655   0.0033054214       1.561536   0.0027748409      2.1628523   0.0040331699
            180      1.7031458   0.0031914059      1.4507061   0.0026766384      2.0048859   0.0038843696
            190      1.5711175   0.0030717817      1.3393102   0.0025764954      1.8468175   0.0037342252
            200      1.4454925   0.0029543407      1.2337005   0.0024796625       1.695619   0.0035957703
            210      1.3276779   0.0028350617      1.1349639   0.0024043696      1.5533133   0.0034909647
            220      1.2116259    0.002716496      1.0360597   0.0022824216      1.4163269   0.0032984409
            230      1.1066351   0.0025991566     0.94696596     0.00218485      1.2917545   0.0031543228
            240      1.0056363   0.0024799365     0.86110695   0.0020859022      1.1723291   0.0030108571
            250     0.91174353   0.0023672421     0.78138011     0.00199313      1.0611933   0.0028780541
            260     0.82916822   0.0022576103     0.71115194   0.0019006312     0.96361774   0.0027422044
            270     0.75024571   0.0021534339     0.64413004    0.001814843     0.87035737   0.0026180649
            280     0.67528532   0.0020488351     0.58007169   0.0017254029     0.78248527   0.0024888613
            290     0.60910167    0.001949195     0.52392728   0.0016422587     0.70428512   0.0023671792
            300     0.55166929   0.0018603688     0.47483906   0.0015681647      0.6370156   0.0022620421
            310     0.49531865    0.001766134     0.42672884   0.0014921424     0.57097402   0.0021584306
            320      0.4475951   0.0016816213     0.38622148   0.0014424213     0.51459261   0.0021199958
            330     0.40340483   0.0015979128     0.34830719   0.0013535394     0.46321542    0.001961107
            340     0.36454373   0.0015219478      0.3147176    0.001284662     0.41854181   0.0018557862
            350     0.32699928   0.0014462098     0.28263574   0.0012360995      0.3747107   0.0018060701
            360     0.29708494   0.0013793685     0.25662915   0.0011654921     0.34061524    0.001689078
            370     0.26535003   0.0013108896     0.22976824   0.0011055387     0.30309422   0.0016055917
            380     0.23942452   0.0012441059     0.20732277   0.0010502808     0.27334713   0.0015271822
            390      0.2152751   0.0011812434     0.18647297  0.00099533147     0.24565444    0.001440092
            400     0.19358838   0.0011248454     0.16804442  0.00094961935     0.22015034   0.0013736192
            410     0.17463763   0.0010720259     0.15169968  0.00090271464     0.19836114   0.0013121113
            420     0.15893672    0.001023972     0.13798658  0.00086353314      0.1806285   0.0012601939
            430     0.14314322  0.00097506316     0.12472252  0.00082668339     0.16170495   0.0012194337
            440     0.13010038    0.000928273     0.11316033   0.0007823648     0.14734617   0.0011419348
            450     0.11673871  0.00088090261     0.10164989  0.00074550176     0.13201734    0.001085008
            460     0.10682436  0.00084369979    0.093150702   0.0007218789     0.12051298   0.0010661002
            470    0.095272111  0.00080246482    0.083067118  0.00067660982     0.10742172  0.00099019603
            480    0.088321148  0.00076945966    0.077040983  0.00064899847     0.09951615  0.00095156558
            490    0.079891856  0.00073405387    0.069697818  0.00061660119    0.089964037  0.00090109501
            500    0.071946514  0.00069899234    0.062758902  0.00058715979     0.08103029   0.0008565982
            510    0.065393556  0.00066703616    0.057133665  0.00056154405    0.073463963  0.00082265246
            520    0.059228012  0.00063929085    0.051817832  0.00054558546    0.066366721  0.00081667831
            530    0.053734543  0.00060806626    0.046998763  0.00050944592    0.060217977  0.00075151147
            540    0.049036263  0.00058275086    0.042866775  0.00048757252    0.055005417  0.00071837179
            550    0.044986982  0.00055752532    0.039329414  0.00046895682    0.050459712  0.00068955253
            560     0.04115746  0.00053472154    0.035953604  0.00044835088    0.046193232  0.00065828523
            570    0.035629782  0.00050238977    0.031181011  0.00041917704    0.039887743   0.0006208917
            580    0.033559674  0.00048677989    0.029381593  0.00040613977    0.037538564   0.0006018802
            590    0.031035543  0.00046887792    0.027217373   0.0003918257    0.034614873  0.00057925949
            600    0.028649945  0.00044833445    0.025096715  0.00037571842    0.032008625  0.00055733052
            610    0.025765203  0.00042847518    0.022606121  0.00035936161    0.028699339  0.00053974224
            620    0.023399862  0.00041111667    0.020686348  0.00034752735     0.02575324  0.00048818588
            630    0.021599069  0.00039417898    0.018971619  0.00033126315     0.02401064  0.00049090022
            640    0.019974332  0.00038303867    0.017536268  0.00031851205    0.022217056  0.00047690372
            650    0.017531317  0.00035532775    0.015417193  0.00029653662    0.019444019  0.00043907847
            660    0.016729647  0.00034864401    0.014677077  0.00029074593    0.018641212  0.00043934247
            670    0.015691839  0.00033319382    0.013745213  0.00027859096    0.017514336  0.00041119463
            680    0.014065244  0.00032323602    0.012421415  0.00026894087     0.01549298  0.00040389254
            690    0.013126509  0.00030905553    0.011503362  0.00025698542    0.014638212  0.00038512613
            700    0.011699755  0.00029607295    0.010308921  0.00024675112    0.012933894   0.0003745523
            710    0.010617727  0.00028375946   0.0093433041  0.00023482935    0.011753163  0.00035432436
            720    0.010267654  0.00027440093   0.0090361084  0.00023012853    0.011382075  0.00035223068
            730    0.009483583  0.00026779958   0.0083507247  0.00022187669    0.010496299  0.00033441526
            740   0.0088650484  0.00025673713   0.0078207409  0.00021363218   0.0097690524  0.00032183365
            750   0.0079392132   0.0002454287   0.0070681296  0.00021561088   0.0086398168  0.00029879801
            760   0.0071638485  0.00023560795   0.0063949292  0.00019489845   0.0077977005  0.00028003143
            770   0.0065667558  0.00022662839   0.0058219749  0.00018830061    0.007182559  0.00026858191
            780   0.0060326177  0.00021687135    0.005336833  0.00017937504   0.0066196268  0.00025691814
            790   0.0058828496  0.00020863524   0.0051689864  0.00017370422   0.0065236448  0.00025775009
            800   0.0058828496  0.00020863524   0.0051689864  0.00017370422   0.0065236448  0.00025775009
