#         pttop        central        num_err    min (scale)        num_err    max (scale)        num_err
              0     0.20071867   0.0010957723     0.16860066  0.00091077114     0.24228488   0.0013530201
             10     0.59716747   0.0018831841     0.50207594   0.0015668249     0.71985236   0.0023225374
             20     0.97362717    0.002398781     0.81820445   0.0019948179      1.1741824   0.0029592154
             30      1.3229775   0.0027888317      1.1122727   0.0023202407      1.5943119   0.0034405858
             40      1.6367449   0.0030979128      1.3765319   0.0025767982      1.9711231   0.0038186254
             50      1.8929903   0.0033267923      1.5936512   0.0027690664      2.2761917    0.004096575
             60      2.1082261   0.0035079045      1.7756213   0.0029202441      2.5326678   0.0043173685
             70      2.2632083   0.0036333707      1.9081842   0.0030266299      2.7140708   0.0044668551
             80        2.37616   0.0037298461      2.0052315    0.003108259      2.8450494   0.0045850275
             90      2.4370127   0.0037691929      2.0573279   0.0031428468       2.915375   0.0046294202
            100      2.4560096   0.0037867936      2.0756118   0.0031597412      2.9325694   0.0046473067
            110       2.429675   0.0037721873      2.0552635    0.003148828      2.8962856   0.0046232643
            120      2.3778648   0.0037324705      2.0136373   0.0031181127      2.8291428   0.0045663092
            130      2.2976446   0.0036746744      1.9470021   0.0030745678      2.7300706    0.004500845
            140      2.1972412    0.003601716       1.864832   0.0030144355      2.6041837   0.0044032867
            150      2.0852168   0.0035143034      1.7712683   0.0029419452      2.4674434    0.004288418
            160      1.9593082   0.0034212249      1.6657997   0.0028740772      2.3145475   0.0042019641
            170      1.8318957   0.0033164351      1.5588969   0.0027778892      2.1603572   0.0040430752
            180      1.7047809   0.0031913899      1.4520141   0.0026757086      2.0070978   0.0038836918
            190      1.5746186   0.0030744318      1.3425999   0.0025798879      1.8502246   0.0037387922
            200      1.4436018   0.0029497858      1.2317613   0.0024762868      1.6938649   0.0035869278
            210      1.3235101    0.002829229      1.1307076   0.0023765807      1.5497228   0.0034363553
            220      1.2059712   0.0027074589      1.0314637   0.0022815192      1.4092737   0.0033032097
            230      1.0965645   0.0025883681     0.93850896   0.0021760018       1.279651   0.0031459642
            240      0.9997296   0.0024727549     0.85696944   0.0021482238      1.1637672    0.003143971
            250     0.90469376   0.0023588291     0.77628603   0.0020106343      1.0511486   0.0029334865
            260     0.82714923   0.0022550966     0.70955538   0.0018986972     0.96103496   0.0027379592
            270     0.74632469   0.0021465745     0.64073106   0.0018071551     0.86576729   0.0026036153
            280     0.67565877   0.0020479475     0.58098576   0.0017305258     0.78179248   0.0024996963
            290      0.6028619   0.0019444157     0.51870252   0.0016390857     0.69676584   0.0023634644
            300     0.54439012   0.0018477725     0.46852419   0.0015559724     0.62867385   0.0022419129
            310     0.49249533   0.0017610468     0.42445306    0.001484426     0.56739428   0.0021394399
            320     0.44079916   0.0016718869     0.38013163   0.0014083583     0.50722208   0.0020361733
            330     0.40244544   0.0015957703     0.34740073   0.0013500465     0.46222187   0.0019565584
            340     0.36046334   0.0015135134     0.31135717   0.0012972659     0.41362753   0.0018980823
            350     0.32397439   0.0014407603      0.2798985   0.0012207898     0.37139251   0.0017720143
            360      0.2925828   0.0013678516     0.25293831   0.0011543258     0.33505157   0.0016704304
            370     0.26246763   0.0012995067     0.22745165   0.0011065799     0.29939474     0.00162173
            380     0.23922188    0.001242776     0.20717025   0.0010476783     0.27307705   0.0015153076
            390     0.21446083   0.0011784358     0.18592759   0.0010026113     0.24431799   0.0014674529
            400     0.19277996   0.0011215449     0.16706663  0.00094395299     0.21977475   0.0013681213
            410     0.17558011   0.0010709016     0.15217059  0.00090078596      0.2000619   0.0013068281
            420     0.15682423     0.00101688     0.13607214  0.00085555625     0.17836948   0.0012451269
            430     0.14244633  0.00097038613     0.12379498  0.00081762805     0.16155769   0.0011901923
            440     0.12853668  0.00092186743     0.11170794  0.00077692451     0.14577506   0.0011326858
            450      0.1161577  0.00087920839     0.10092285  0.00074209371     0.13172577   0.0010824688
            460     0.10615423  0.00084545182     0.09282373  0.00078367827     0.11924502   0.0011846143
            470    0.095320729  0.00080054692     0.08298407  0.00067312929     0.10773294   0.0009825749
            480    0.085664563  0.00076327846    0.074674378  0.00064055207    0.096623736  0.00093577414
            490    0.077593484  0.00072684649    0.067701784  0.00061158516    0.087344523  0.00089692388
            500    0.069852162  0.00068890533    0.060996325  0.00057898383    0.078529622  0.00084556043
            510    0.063749486  0.00066383976    0.055939897  0.00057321911    0.071126856  0.00085086417
            520    0.059601897  0.00063663122    0.051988282  0.00053512782    0.067099218  0.00078662464
            530    0.052496263  0.00060462843    0.046047235   0.0005092237    0.058579497  0.00075364577
            540     0.04739473  0.00057509207    0.041396092  0.00048093137    0.053217113  0.00070817388
            550    0.043809059  0.00055063293    0.038409665  0.00046756147     0.04890698  0.00069181841
            560    0.040282596  0.00053528274    0.035112613  0.00044637251    0.045370049  0.00065816619
            570    0.037747274  0.00050974583    0.033026097   0.0004316788    0.042236361  0.00063945032
            580    0.033348294    0.000486988    0.029438729  0.00042529309    0.036760401  0.00066120644
            590    0.031090961  0.00046697061    0.027127506  0.00038964594    0.034948623  0.00057657113
            600    0.028004712  0.00044430984    0.024660674  0.00037417934    0.031039952  0.00055508967
            610    0.025776631  0.00042755383    0.022599284  0.00035792941     0.02874604  0.00053376974
            620    0.023261018  0.00040907497    0.020484988  0.00034226821    0.025767408  0.00050954979
            630        0.02171  0.00039307505    0.019015777  0.00032774786     0.02423617  0.00049097878
            640    0.019611288  0.00037322212    0.017122363  0.00030965134    0.022003111  0.00046343525
            650    0.017709347   0.0003572767    0.015562575  0.00029738568     0.01966702  0.00044605218
            660    0.016683781   0.0003452631    0.014628364  0.00028806877     0.01858233   0.0004285577
            670    0.014742516  0.00032651618    0.012907336  0.00027208461    0.016467334  0.00040404012
            680    0.014068042  0.00032044864    0.012369099  0.00026900377    0.015612947  0.00040160681
            690    0.012565714   0.0003021249    0.011075464  0.00025265603    0.013874927  0.00037566501
            700     0.01121217  0.00028967683   0.0098618302  0.00023938832    0.012419316  0.00036108709
            710    0.010591312   0.0002808533   0.0092897306  0.00023259096      0.0117881  0.00034919543
            720   0.0098084342  0.00026663973   0.0086031429  0.00022166293    0.010919632   0.0003311364
            730   0.0089496798  0.00026004881   0.0079067148  0.00021616329   0.0098496068  0.00032491444
            740   0.0084203201  0.00025345328   0.0074498581  0.00021094245   0.0092529138   0.0003008952
            750   0.0073461342  0.00023605806   0.0065026483  0.00019680547   0.0080686345  0.00029634252
            760   0.0068329694  0.00022837882   0.0060588814  0.00018959219   0.0074733921  0.00029087611
            770   0.0061168397  0.00021902488   0.0054618865  0.00018168794   0.0066620871  0.00025979786
            780   0.0063245852  0.00021636584   0.0055961169  0.00018037187   0.0069393817   0.0002759437
            790   0.0056798322  0.00020469672   0.0050073543   0.0001703809   0.0062580379  0.00025333731
            800   0.0056798322  0.00020469672   0.0050073543   0.0001703809   0.0062580379  0.00025333731
