#      ptt+tbar        central        num_err    min (scale)        num_err    max (scale)        num_err
              0     0.30368699   0.0050305345     0.26854463    0.036083364     0.30542402   0.0050540595
             10     0.90422817   0.0089169289     0.89281784    0.013042136     0.92381759    0.011833075
             20      1.4432603    0.011378765       1.436636    0.011973188      1.4585823    0.022891623
             30      1.8899435    0.013761685      1.8815962    0.013669957        2.01443    0.078336522
             40      2.2565696    0.014302512      2.2190139    0.052526897       2.306466    0.027951603
             50      2.5038255    0.014448293      2.4904725    0.015128145      2.5223144    0.014607461
             60      2.7034444    0.019602892      2.6823167    0.018852916      2.7362118    0.026350153
             70      2.7172328    0.015083707      2.6945578    0.016070288         2.7571     0.01557954
             80      2.7442696    0.015432385      2.7272333    0.015486778      2.7881961    0.016929472
             90      2.6437964    0.022373522       2.639587    0.017381924      2.6835857    0.043418963
            100      2.5178593    0.016007145      2.5031151    0.015926583      2.5501626    0.016794881
            110      2.3445964    0.043190408      2.3388145    0.060681136      2.4142274    0.015706148
            120      2.2201598    0.013414774      2.2059823    0.013842485      2.2414967    0.017204334
            130      2.0649919    0.013771829      2.0033166    0.051769241      2.0793876    0.015618309
            140      1.8825172    0.012559961      1.8705695    0.012512041      1.9019249    0.012994291
            150      1.6915998    0.015807333      1.6808179    0.015009176      1.7067017    0.015303218
            160      1.5385182    0.011147563      1.5296999    0.011090918      1.5477223     0.01134437
            170      1.3864068     0.01086602      1.3788103    0.010756431      1.3940461    0.010522031
            180      1.2577325    0.010051335      1.2484963    0.010292492      1.2670899    0.010736005
            190      1.1159719   0.0091573011      1.1099076   0.0091079307      1.1220975   0.0092160816
            200      1.0037756   0.0097861412     0.99874653   0.0097408751      1.0093319    0.009925796
            210     0.88643976   0.0086629022     0.88173674   0.0086342346     0.88963472   0.0087552699
            220     0.79633385   0.0077147067     0.79217434   0.0076699832     0.79926955   0.0077516834
            230     0.70259958   0.0072266132     0.68171984    0.023556131     0.70422183   0.0072412329
            240     0.63344536   0.0070218289     0.63043238   0.0069891225     0.63524045   0.0070596008
            250     0.55883112   0.0067596366     0.55631005   0.0067130269     0.56188014   0.0072223318
            260     0.50513278   0.0063806194     0.50302045   0.0063612999     0.50668033   0.0064458127
            270     0.45825725   0.0059658551     0.45547861   0.0059954086     0.45902782   0.0059820608
            280      0.4022791   0.0055081111     0.40065583   0.0054848242     0.40315778    0.005524013
            290     0.36573556   0.0056684884     0.36418772   0.0056387802      0.3666633   0.0057216636
            300     0.31555489   0.0048130013     0.31441532   0.0047966221     0.31623593   0.0048252176
            310     0.29264032   0.0046062392     0.29152501   0.0045868764     0.29315102   0.0046209085
            320     0.26698861   0.0045486354     0.26618679   0.0045370771     0.26754325   0.0045632488
            330     0.23777308   0.0042409061     0.23700122   0.0042163601     0.23829627   0.0042686653
            340     0.21107796   0.0038707741     0.21044344   0.0038589562     0.21141849   0.0038837495
            350     0.18949925   0.0037792561     0.18910176   0.0037902125     0.19003813   0.0038323124
            360     0.17133831   0.0035671686     0.17082664   0.0035555654     0.17158863   0.0035748965
            370     0.15395971   0.0033680116     0.15356246   0.0033573761     0.15418364   0.0033734417
            380     0.14053113   0.0032043067     0.14018118   0.0031964788     0.14086274   0.0032196969
            390     0.12577267   0.0036139604     0.12554924   0.0036418946     0.12589181   0.0035786288
            400     0.11087499   0.0027565967     0.11067584   0.0027523492     0.11109165    0.002764845
            410     0.10024489   0.0026797612    0.099969142   0.0026772254     0.10032717   0.0026822756
            420    0.089795362   0.0025403997    0.089635609   0.0025358413    0.089959514   0.0025473481
            430    0.082335966   0.0024463529    0.082179323   0.0024457614    0.082428918   0.0024373584
            440    0.076916712   0.0032650158    0.076466043   0.0030187214    0.077382647   0.0034856097
            450    0.067749041   0.0022282831    0.067572541    0.002210752    0.067988781   0.0022510539
            460    0.060152042   0.0021386941    0.059899004   0.0021481265    0.060177936   0.0021397025
            470    0.052542509   0.0019147029    0.052480946   0.0019133228    0.052643242   0.0019163548
            480    0.051004039   0.0019173507    0.050875178   0.0019091809    0.051172934   0.0019290635
            490    0.048719674   0.0018655393    0.048649892   0.0018572023    0.048809434   0.0018745157
            500     0.04373842   0.0017170465    0.043663039   0.0017180687    0.043767773   0.0017243513
            510    0.038521039   0.0016265137    0.038473891   0.0016254829    0.038579311   0.0016297125
            520    0.031569491   0.0015307839     0.03148894   0.0015253231    0.031682553   0.0015404625
            530    0.033662473    0.001621826    0.033618952   0.0016050307    0.034308349   0.0019815551
            540    0.029566567   0.0014269411    0.029414373   0.0014103386    0.029820334   0.0014736199
            550    0.026417114   0.0013725806    0.026336634    0.001366935    0.026500653   0.0013803013
            560      0.0235781   0.0012766352     0.02349007   0.0012704182    0.023673619   0.0012836597
            570    0.021101977    0.001250372    0.021048977   0.0012440121    0.021172409   0.0012599389
            580    0.017903268   0.0010968361     0.01788387   0.0010956298    0.017927006   0.0010980688
            590    0.017407037   0.0011094988    0.017365938   0.0011085511    0.017456499   0.0011114158
            600    0.016189643   0.0010743983    0.016144182   0.0010719739    0.016243875    0.001077866
            610    0.015739658   0.0010459909    0.015683817   0.0010422775    0.015799663   0.0010513947
            620    0.013259901    0.001091036    0.013141369   0.0011140187     0.01633387    0.003213727
            630    0.013958604  0.00097381593    0.013892356  0.00096878885    0.014024647  0.00097975277
            640    0.012437627  0.00090752079    0.012411725  0.00090653577    0.012459186  0.00090937378
            650     0.01238547  0.00092201937    0.012352981  0.00092016372    0.012509511  0.00093778261
            660    0.010460927  0.00093198159    0.010384297  0.00092278277    0.010541313  0.00094264679
            670   0.0094769226  0.00079304671   0.0094459285  0.00079012911   0.0095088393  0.00079625469
            680   0.0065420337  0.00072854129   0.0065316379  0.00073159927   0.0065520832   0.0007226572
            690   0.0067063198  0.00068953451   0.0066660591  0.00068648182   0.0067522707  0.00069428339
            700   0.0057137329  0.00062804824   0.0057056665  0.00062756192   0.0057272873  0.00062914619
            710   0.0059173147   0.0006445758   0.0059065879  0.00064359408   0.0059296144  0.00064590072
            720   0.0066247252  0.00065548519   0.0066188001  0.00065504719   0.0066333411  0.00065626678
            730    0.006271723  0.00063775173   0.0062537464   0.0006355042    0.006291957  0.00064030448
            740   0.0052178424  0.00064239469   0.0051995187  0.00063989164   0.0052369972  0.00064458342
            750   0.0054558648  0.00058490572   0.0054471244  0.00058365096   0.0054653482  0.00058618407
            760   0.0040867756  0.00062893325    0.003995469  0.00057489536   0.0041727867  0.00068674912
            770   0.0034406122  0.00049545711   0.0034344004  0.00049393926   0.0034488064  0.00049732877
            780   0.0032471055   0.0004766593   0.0032370254   0.0004755772    0.003257316  0.00047791999
            790   0.0033831132  0.00051229374    0.003350556  0.00050487328    0.003415539   0.0005197743
            800   0.0033831132  0.00051229374    0.003350556  0.00050487328    0.003415539   0.0005197743
