#       ptHiggs        central        num_err    min (scale)        num_err    max (scale)        num_err
              0    0.059037799  0.00021522861    0.042116843  0.00015437276     0.10826797   0.0004739572
             10     0.17247487  0.00036502492     0.12303804  0.00026178347      0.3144164  0.00080272214
             20     0.27400586  0.00045700242     0.19543627  0.00032773462     0.49361565  0.00096590013
             30     0.35810101  0.00051909517     0.25536717  0.00037218988     0.63519202   0.0011502814
             40     0.42113042  0.00055976571     0.30022224  0.00040126001     0.73379431   0.0011631168
             50     0.46017504   0.0005826073     0.32796015  0.00041748081     0.78747998   0.0011869272
             60     0.48008906  0.00059305344     0.34202037  0.00042478654     0.80557001   0.0011777896
             70     0.48182614  0.00059256929     0.34310798    0.000424206      0.7938315   0.0011845198
             80     0.47098877  0.00058484343      0.3352617  0.00041843338     0.76137119     0.00116003
             90     0.44818209   0.0005698698     0.31888924   0.0004074688     0.71031422   0.0010889634
            100     0.41897778  0.00055076699     0.29796934  0.00039351301     0.65460595    0.001045837
            110     0.38849485  0.00053024088     0.27617631  0.00037861349     0.59688523   0.0010408933
            120      0.3536256  0.00050606907     0.25125555   0.0003610647     0.53363884   0.0010483643
            130     0.31959604  0.00048083554     0.22698942  0.00034281784     0.47604906   0.0008810379
            140     0.28752746  0.00045594866     0.20413706  0.00032486065     0.41997206  0.00099673272
            150     0.25824464  0.00043165242     0.18328843  0.00030732607     0.37431493  0.00062419222
            160     0.22916963  0.00040666762     0.16258259   0.0002893534     0.33234935  0.00058851567
            170      0.2030325  0.00038248192     0.14399824  0.00027198586     0.29455471  0.00055389784
            180     0.18082645  0.00036093204     0.12819856  0.00025651105     0.26246574  0.00052305611
            190     0.15982658  0.00033902032     0.11327418  0.00024081101     0.23207897  0.00049161405
            200     0.14194344   0.0003192175     0.10057599  0.00022662289     0.20617536  0.00046319217
            210      0.1246873   0.0002990465     0.08833823  0.00021223301     0.18114437  0.00043410995
            220     0.11038168  0.00028110079    0.078176236  0.00019938728     0.16043079  0.00040833429
            230    0.097642914  0.00026413756    0.069142754  0.00018728741      0.1419478  0.00038386257
            240    0.086723647  0.00024888527     0.06138437  0.00017637667     0.12614039  0.00036194411
            250     0.07714381  0.00023458183     0.05459307  0.00016618901     0.11223406  0.00034127489
            260    0.067990728  0.00022007113    0.048103684  0.00015584862     0.09894803  0.00032031706
            270    0.060625652  0.00020774712    0.042894338  0.00014711952    0.088233007  0.00030247056
            280    0.054041581  0.00019608475    0.038220855   0.0001387979    0.078684304  0.00028558783
            290    0.048357938  0.00018540532    0.034200568  0.00013122182    0.070413133  0.00027008331
            300    0.042934145  0.00017469662    0.030365925  0.00012364652    0.062513527  0.00025448517
            310    0.038409864  0.00016524183    0.027157075  0.00011691436    0.055947798  0.00024081343
            320    0.034408811  0.00015637469    0.024328952   0.0001106459    0.050121424  0.00022790766
            330    0.030727724  0.00014774453      0.0217283  0.00010454284    0.044754814  0.00021532616
            340    0.027521582  0.00013982584    0.019448996  9.8878775e-05    0.040113545  0.00020392968
            350    0.024579723  0.00013215659    0.017369908  9.3453207e-05    0.035826113  0.00019275367
            360    0.022243438  0.00012574055    0.015713634  8.8888836e-05    0.032433433  0.00018346569
            370     0.01985901  0.00011879568    0.014029357  8.3979414e-05    0.028956138  0.00017333386
            380      0.0178672  0.00011269638    0.012621441  7.9662811e-05    0.026054302  0.00016445507
            390     0.01614462    0.000107115    0.011406405  7.5729096e-05    0.023538295  0.00015628532
            400    0.014539553  0.00010166897    0.010268698  7.1855545e-05    0.021207197  0.00014840509
            410    0.013063312  9.6388836e-05   0.0092239403  6.8108618e-05    0.019058693  0.00014072772
            420    0.011943504  9.2188981e-05   0.0084345418  6.5153299e-05    0.017422056  0.00013457415
            430    0.010706604  8.7238505e-05   0.0075599726  6.1642702e-05    0.015620208  0.00012737742
            440    0.009826192  8.3586285e-05   0.0069362762  5.9045167e-05    0.014340518  0.00012208486
            450    0.008995292  7.9977563e-05   0.0063500695  5.6499614e-05    0.013127026  0.00011680608
            460   0.0078786266   7.484215e-05   0.0055615926  5.2868668e-05    0.011497734  0.00010931115
            470   0.0071517272  7.1308154e-05   0.0050494316  5.0382594e-05    0.010435185  0.00010413453
            480   0.0067738776  6.9415362e-05   0.0047790148  4.9008466e-05   0.0098918233  0.00010145068
            490   0.0061953766  6.6381666e-05   0.0043697233  4.6857097e-05    0.009049891  9.7055813e-05
            500   0.0055297182  6.2716698e-05   0.0039009026  4.4275552e-05   0.0080755249  9.1666173e-05
            510   0.0050906144  6.0177024e-05   0.0035937397   4.251427e-05   0.0074285268  8.7888711e-05
            520   0.0045774964  5.7066376e-05   0.0032282064  4.0274711e-05   0.0066870846  8.3436039e-05
            530   0.0042437207  5.4938892e-05   0.0029942455   3.879138e-05   0.0061959649  8.0281392e-05
            540   0.0039597621  5.3069913e-05   0.0027930599   3.746101e-05   0.0057832044  7.7575737e-05
            550   0.0035975193  5.0585572e-05   0.0025412471  3.5760094e-05   0.0052459407   7.383081e-05
            560   0.0032495101  4.8077554e-05   0.0022914952  3.3929532e-05    0.004747218  7.0300245e-05
            570   0.0029584348  4.5874715e-05   0.0020863564  3.2376341e-05   0.0043216529  6.7073282e-05
            580    0.002729987  4.4068388e-05   0.0019268622  3.1128029e-05   0.0039843772  6.4376128e-05
            590   0.0024552803  4.1793187e-05   0.0017302569  2.9473488e-05   0.0035891583  6.1146701e-05
            600   0.0022595695  4.0093333e-05   0.0015918957  2.8266756e-05   0.0033040306  5.8676439e-05
            610   0.0020012313    3.77325e-05   0.0014108017   2.662074e-05   0.0029243906  5.5189093e-05
            620   0.0019272171  3.7028316e-05   0.0013603419  2.6157877e-05     0.00281255  5.4090824e-05
            630   0.0017542799  3.5328247e-05   0.0012372023   2.493375e-05   0.0025622198  5.1644687e-05
            640   0.0015913063  3.3647542e-05   0.0011216658  2.3735045e-05   0.0023256005  4.9218177e-05
            650   0.0015101753  3.2778711e-05   0.0010651028  2.3136483e-05   0.0022055771  4.7917631e-05
            660   0.0013294097  3.0754848e-05  0.00093595904  2.1669104e-05   0.0019452405  4.5042333e-05
            670   0.0012340452  2.9631395e-05  0.00087078107  2.0925816e-05   0.0018011803  4.3290759e-05
            680   0.0011443741  2.8534612e-05  0.00080660161  2.0128595e-05    0.001672566  4.1745685e-05
            690   0.0010952685  2.7915807e-05  0.00077298489  1.9717665e-05   0.0015984892  4.0781795e-05
            700   0.0010013273  2.6692016e-05  0.00070507381  1.8808691e-05    0.001464673  3.9077399e-05
            710  0.00087393744  2.4936577e-05  0.00061537898  1.7573131e-05   0.0012786497  3.6520032e-05
            720  0.00083835367  2.4423627e-05  0.00059041697  1.7213945e-05   0.0012262258  3.5756959e-05
            730  0.00077572623  2.3493761e-05  0.00054551295  1.6533994e-05   0.0011363328  3.4446398e-05
            740  0.00070028863  2.2322347e-05  0.00049367137  1.5749326e-05   0.0010232943  3.2651618e-05
            750   0.0006433546  2.1395715e-05  0.00045195216  1.5042068e-05  0.00094355875  3.1408855e-05
            760  0.00065047135   2.151375e-05  0.00045804875  1.5161116e-05  0.00095137935  3.1494728e-05
            770  0.00052806318  1.9384215e-05  0.00037284297  1.3697805e-05  0.00077020883   2.830162e-05
            780  0.00052023475  1.9240025e-05   0.0003659326  1.3543706e-05  0.00076181757  2.8200527e-05
            790  0.00045049055  1.7904004e-05  0.00031730236  1.2621187e-05  0.00065870862  2.6205565e-05
            800  0.00045049055  1.7904004e-05  0.00031730236  1.2621187e-05  0.00065870862  2.6205565e-05
